v2	Ix(U1:DRAIN)	Ix(U5:VDD)	Ix(U6:VDD)	Ix(U7:VDD)	Ix(U8:VDD)	Ix(U9:VDD)
0.000000000000000e+000	7.649143e-012	-7.650197e-012	-7.649144e-012	-7.650315e-012	-7.650431e-012	-7.651431e-012
1.000000000000000e-002	7.651844e-012	-7.653299e-012	-7.651844e-012	-7.653488e-012	-7.653678e-012	-7.655144e-012
2.000000000000000e-002	7.655022e-012	-7.657000e-012	-7.655022e-012	-7.657298e-012	-7.657622e-012	-7.659759e-012
3.000000000000000e-002	7.658733e-012	-7.661395e-012	-7.658732e-012	-7.661863e-012	-7.662397e-012	-7.665498e-012
4.000000000000000e-002	7.663040e-012	-7.666577e-012	-7.663039e-012	-7.667297e-012	-7.668161e-012	-7.672636e-012
5.000000000000000e-002	7.668003e-012	-7.672642e-012	-7.668002e-012	-7.673731e-012	-7.675115e-012	-7.681528e-012
6.000000000000001e-002	7.673681e-012	-7.679688e-012	-7.673680e-012	-7.681307e-012	-7.683486e-012	-7.692619e-012
7.000000000000001e-002	7.680128e-012	-7.687804e-012	-7.680126e-012	-7.690184e-012	-7.693546e-012	-7.706457e-012
8.000000000000000e-002	7.687397e-012	-7.697100e-012	-7.687394e-012	-7.700526e-012	-7.705638e-012	-7.723753e-012
9.000000000000000e-002	7.695534e-012	-7.707664e-012	-7.695529e-012	-7.712534e-012	-7.720163e-012	-7.745381e-012
9.999999999999999e-002	7.704588e-012	-7.719607e-012	-7.704587e-012	-7.726437e-012	-7.737633e-012	-7.772461e-012
1.100000000000000e-001	7.714604e-012	-7.733036e-012	-7.714600e-012	-7.742502e-012	-7.758677e-012	-7.806380e-012
1.200000000000000e-001	7.725636e-012	-7.748091e-012	-7.725634e-012	-7.761077e-012	-7.784101e-012	-7.848919e-012
1.300000000000000e-001	7.737746e-012	-7.764939e-012	-7.737740e-012	-7.782592e-012	-7.814913e-012	-7.902319e-012
1.400000000000000e-001	7.751016e-012	-7.783801e-012	-7.751011e-012	-7.807589e-012	-7.852413e-012	-7.969397e-012
1.500000000000000e-001	7.765556e-012	-7.804958e-012	-7.765552e-012	-7.836796e-012	-7.898246e-012	-8.053739e-012
1.600000000000000e-001	7.781512e-012	-7.828792e-012	-7.781504e-012	-7.871127e-012	-7.954519e-012	-8.159881e-012
1.700000000000000e-001	7.799088e-012	-7.855808e-012	-7.799083e-012	-7.911783e-012	-8.023913e-012	-8.293559e-012
1.800000000000000e-001	7.818557e-012	-7.886658e-012	-7.818553e-012	-7.960311e-012	-8.109855e-012	-8.462051e-012
1.900000000000000e-001	7.840286e-012	-7.922221e-012	-7.840283e-012	-8.018713e-012	-8.216713e-012	-8.674611e-012
2.000000000000000e-001	7.864768e-012	-7.963646e-012	-7.864767e-012	-8.089573e-012	-8.350054e-012	-8.942967e-012
2.100000000000001e-001	7.892653e-012	-8.012413e-012	-7.892658e-012	-8.176188e-012	-8.516964e-012	-9.282036e-012
2.200000000000001e-001	7.924799e-012	-8.070472e-012	-7.924809e-012	-8.282820e-012	-8.726484e-012	-9.710775e-012
2.300000000000001e-001	7.962330e-012	-8.140326e-012	-7.962347e-012	-8.414904e-012	-8.990113e-012	-1.025331e-011
2.400000000000001e-001	8.006711e-012	-8.225225e-012	-8.006732e-012	-8.579397e-012	-9.322516e-012	-1.094037e-011
2.500000000000001e-001	8.059844e-012	-8.329327e-012	-8.059876e-012	-8.785188e-012	-9.742381e-012	-1.181107e-011
2.600000000000001e-001	8.124186e-012	-8.457982e-012	-8.124225e-012	-9.043622e-012	-1.027351e-011	-1.291531e-011
2.700000000000001e-001	8.202905e-012	-8.618047e-012	-8.202957e-012	-9.369192e-012	-1.094627e-011	-1.431671e-011
2.800000000000001e-001	8.300072e-012	-8.818295e-012	-8.300133e-012	-9.780374e-012	-1.179943e-011	-1.609649e-011
2.900000000000001e-001	8.420903e-012	-9.069932e-012	-8.420972e-012	-1.030077e-011	-1.288246e-011	-1.835837e-011
3.000000000000001e-001	8.572074e-012	-9.387275e-012	-8.572159e-012	-1.096051e-011	-1.425853e-011	-2.123487e-011
3.100000000000001e-001	8.762119e-012	-9.788615e-012	-8.762218e-012	-1.179807e-011	-1.600838e-011	-2.489540e-011
3.200000000000001e-001	9.001937e-012	-1.029731e-011	-9.002050e-012	-1.286263e-011	-1.823527e-011	-2.955669e-011
3.300000000000001e-001	9.305451e-012	-1.094321e-011	-9.305582e-012	-1.421708e-011	-2.107125e-011	-3.549605e-011
3.400000000000001e-001	9.690446e-012	-1.176447e-011	-9.690593e-012	-1.594183e-011	-2.468533e-011	-4.306857e-011
3.500000000000001e-001	1.017965e-011	-1.280990e-011	-1.017981e-011	-1.813983e-011	-2.929395e-011	-5.272903e-011
3.600000000000002e-001	1.080211e-011	-1.414192e-011	-1.080229e-011	-2.094286e-011	-3.517430e-011	-6.506015e-011
3.700000000000002e-001	1.159500e-011	-1.584046e-011	-1.159520e-011	-2.451972e-011	-4.268157e-011	-8.080883e-011
3.800000000000002e-001	1.260585e-011	-1.800789e-011	-1.260606e-011	-2.908669e-011	-5.227100e-011	-1.009326e-010
3.900000000000002e-001	1.389554e-011	-2.077527e-011	-1.389576e-011	-3.492088e-011	-6.452615e-011	-1.266590e-010
4.000000000000002e-001	1.554199e-011	-2.431055e-011	-1.554221e-011	-4.237746e-011	-8.019508e-011	-1.595623e-010
4.100000000000002e-001	1.764493e-011	-2.882886e-011	-1.764516e-011	-5.191156e-011	-1.002367e-010	-2.016603e-010
4.200000000000002e-001	2.033207e-011	-3.460570e-011	-2.033229e-011	-6.410630e-011	-1.258799e-010	-2.555391e-010
4.300000000000002e-001	2.376678e-011	-4.199380e-011	-2.376699e-011	-7.970841e-011	-1.586985e-010	-3.245108e-010
4.400000000000002e-001	2.815798e-011	-5.144438e-011	-2.815817e-011	-9.967348e-011	-2.007068e-010	-4.128136e-010
4.500000000000002e-001	3.377254e-011	-6.353413e-011	-3.377267e-011	-1.252230e-010	-2.544799e-010	-5.258637e-010
4.600000000000002e-001	4.095086e-011	-7.899889e-011	-4.095090e-011	-1.579160e-010	-3.233039e-010	-6.705703e-010
4.700000000000003e-001	5.012625e-011	-9.877579e-011	-5.012614e-011	-1.997382e-010	-4.113640e-010	-8.557253e-010
4.800000000000003e-001	6.184888e-011	-1.240550e-010	-6.184851e-011	-2.532116e-010	-5.239736e-010	-1.092481e-009
4.900000000000003e-001	7.681475e-011	-1.563428e-010	-7.681396e-011	-3.215277e-010	-6.678537e-010	-1.394924e-009
5.000000000000002e-001	9.590045e-011	-1.975364e-010	-9.589898e-011	-4.087064e-010	-8.514628e-010	-1.780752e-009
5.100000000000002e-001	1.202036e-010	-2.500121e-010	-1.202011e-010	-5.197803e-010	-1.085380e-009	-2.272050e-009
5.200000000000002e-001	1.510888e-010	-3.167239e-010	-1.510845e-010	-6.610026e-010	-1.382731e-009	-2.896142e-009
5.300000000000003e-001	1.902371e-010	-4.013108e-010	-1.902301e-010	-8.400709e-010	-1.759644e-009	-3.686486e-009
5.400000000000003e-001	2.396973e-010	-5.082064e-010	-2.396861e-010	-1.066353e-009	-2.235699e-009	-4.683539e-009
5.500000000000003e-001	3.019338e-010	-6.427405e-010	-3.019162e-010	-1.351093e-009	-2.834329e-009	-5.935490e-009
5.600000000000003e-001	3.798657e-010	-8.112220e-010	-3.798388e-010	-1.707576e-009	-3.583113e-009	-7.498757e-009
5.700000000000003e-001	4.768918e-010	-1.020986e-009	-4.768512e-010	-2.151205e-009	-4.513892e-009	-9.438108e-009
5.800000000000003e-001	5.968918e-010	-1.280393e-009	-5.968321e-010	-2.699481e-009	-5.662644e-009	-1.182631e-008
5.900000000000003e-001	7.442029e-010	-1.598766e-009	-7.441176e-010	-3.371839e-009	-7.069092e-009	-1.474325e-008
6.000000000000003e-001	9.235676e-010	-1.986270e-009	-9.234489e-010	-4.189356e-009	-8.776039e-009	-1.827455e-008
6.100000000000003e-001	1.140056e-009	-2.453727e-009	-1.139895e-009	-5.174342e-009	-1.082847e-008	-2.250983e-008
6.200000000000003e-001	1.398968e-009	-3.012394e-009	-1.398758e-009	-6.349842e-009	-1.327255e-008	-2.754071e-008
6.300000000000003e-001	1.705732e-009	-3.673725e-009	-1.705465e-009	-7.739118e-009	-1.615455e-008	-3.345882e-008
6.400000000000004e-001	2.065796e-009	-4.449126e-009	-2.065465e-009	-9.365142e-009	-1.951993e-008	-4.035400e-008
6.500000000000004e-001	2.484531e-009	-5.349743e-009	-2.484133e-009	-1.125017e-008	-2.341248e-008	-4.831278e-008
6.600000000000004e-001	2.967153e-009	-6.386284e-009	-2.966688e-009	-1.341538e-008	-2.787379e-008	-5.741721e-008
6.700000000000004e-001	3.518660e-009	-7.568881e-009	-3.518128e-009	-1.588068e-008	-3.294275e-008	-6.774412e-008
6.800000000000004e-001	4.143780e-009	-8.907005e-009	-4.143184e-009	-1.866451e-008	-3.865544e-008	-7.936460e-008
6.900000000000004e-001	4.846950e-009	-1.040941e-008	-4.846294e-009	-2.178384e-008	-4.504496e-008	-9.234393e-008
7.000000000000004e-001	5.632295e-009	-1.208414e-008	-5.631585e-009	-2.525413e-008	-5.214153e-008	-1.067415e-007
7.100000000000004e-001	6.503624e-009	-1.393850e-008	-6.502866e-009	-2.908943e-008	-5.997258e-008	-1.226113e-007
7.200000000000004e-001	7.464440e-009	-1.597913e-008	-7.463640e-009	-3.330243e-008	-6.856287e-008	-1.400016e-007
7.300000000000004e-001	8.517942e-009	-1.821201e-008	-8.517107e-009	-3.790458e-008	-7.793475e-008	-1.589561e-007
7.400000000000004e-001	9.667049e-009	-2.064254e-008	-9.666184e-009	-4.290618e-008	-8.810829e-008	-1.795137e-007
7.500000000000004e-001	1.091441e-008	-2.327556e-008	-1.091352e-008	-4.831646e-008	-9.910149e-008	-2.017090e-007
7.600000000000005e-001	1.226243e-008	-2.611542e-008	-1.226152e-008	-5.414375e-008	-1.109305e-007	-2.255729e-007
7.700000000000005e-001	1.371327e-008	-2.916604e-008	-1.371235e-008	-6.039549e-008	-1.236096e-007	-2.511327e-007
7.800000000000005e-001	1.526892e-008	-3.243093e-008	-1.526798e-008	-6.707837e-008	-1.371518e-007	-2.784126e-007
7.900000000000005e-001	1.693112e-008	-3.591322e-008	-1.693017e-008	-7.419836e-008	-1.515685e-007	-3.074339e-007
8.000000000000005e-001	1.870148e-008	-3.961575e-008	-1.870053e-008	-8.176083e-008	-1.668698e-007	-3.382150e-007
8.100000000000005e-001	2.058145e-008	-4.354104e-008	-2.058050e-008	-8.977057e-008	-1.830647e-007	-3.707724e-007
8.200000000000005e-001	2.257232e-008	-4.769137e-008	-2.257136e-008	-9.823187e-008	-2.001613e-007	-4.051202e-007
8.300000000000005e-001	2.467526e-008	-5.206878e-008	-2.467430e-008	-1.071485e-007	-2.181665e-007	-4.412705e-007
8.400000000000005e-001	2.689131e-008	-5.667510e-008	-2.689035e-008	-1.165240e-007	-2.370866e-007	-4.792338e-007
8.500000000000005e-001	2.922142e-008	-6.151197e-008	-2.922046e-008	-1.263612e-007	-2.569269e-007	-5.190190e-007
8.600000000000005e-001	3.166645e-008	-6.658085e-008	-3.166549e-008	-1.366629e-007	-2.776920e-007	-5.606333e-007
8.700000000000006e-001	3.422716e-008	-7.188304e-008	-3.422620e-008	-1.474314e-007	-2.993861e-007	-6.040830e-007
8.800000000000006e-001	3.690422e-008	-7.741972e-008	-3.690327e-008	-1.586689e-007	-3.220125e-007	-6.493727e-007
8.900000000000006e-001	3.969827e-008	-8.319192e-008	-3.969732e-008	-1.703770e-007	-3.455743e-007	-6.965063e-007
9.000000000000006e-001	4.260984e-008	-8.920057e-008	-4.260889e-008	-1.825574e-007	-3.700737e-007	-7.454865e-007
9.100000000000006e-001	4.563943e-008	-9.544646e-008	-4.563848e-008	-1.952115e-007	-3.955128e-007	-7.963151e-007
9.200000000000006e-001	4.878748e-008	-1.019303e-007	-4.878654e-008	-2.083403e-007	-4.218931e-007	-8.489932e-007
9.300000000000006e-001	5.205438e-008	-1.086528e-007	-5.205344e-008	-2.219449e-007	-4.492158e-007	-9.035210e-007
9.400000000000006e-001	5.544048e-008	-1.156143e-007	-5.543954e-008	-2.360260e-007	-4.774818e-007	-9.598979e-007
9.500000000000006e-001	5.894608e-008	-1.228155e-007	-5.894514e-008	-2.505843e-007	-5.066915e-007	-1.018123e-006
9.600000000000006e-001	6.257145e-008	-1.302566e-007	-6.257051e-008	-2.656204e-007	-5.368452e-007	-1.078194e-006
9.700000000000006e-001	6.631683e-008	-1.379380e-007	-6.631588e-008	-2.811344e-007	-5.679428e-007	-1.140110e-006
9.800000000000007e-001	7.018242e-008	-1.458600e-007	-7.018147e-008	-2.971268e-007	-5.999840e-007	-1.203867e-006
9.900000000000007e-001	7.416838e-008	-1.540227e-007	-7.416745e-008	-3.135976e-007	-6.329683e-007	-1.269462e-006
1.000000000000001e+000	7.827489e-008	-1.624264e-007	-7.827395e-008	-3.305469e-007	-6.668949e-007	-1.336891e-006
1.010000000000001e+000	8.250205e-008	-1.710711e-007	-8.250111e-008	-3.479745e-007	-7.017630e-007	-1.406152e-006
1.020000000000001e+000	8.684997e-008	-1.799569e-007	-8.684903e-008	-3.658803e-007	-7.375713e-007	-1.477238e-006
1.030000000000001e+000	9.131874e-008	-1.890839e-007	-9.131779e-008	-3.842641e-007	-7.743186e-007	-1.550146e-006
1.040000000000001e+000	9.590840e-008	-1.984520e-007	-9.590746e-008	-4.031256e-007	-8.120034e-007	-1.624871e-006
1.050000000000001e+000	1.006190e-007	-2.080612e-007	-1.006181e-007	-4.224643e-007	-8.506242e-007	-1.701407e-006
1.060000000000001e+000	1.054506e-007	-2.179113e-007	-1.054497e-007	-4.422798e-007	-8.901791e-007	-1.779749e-006
1.070000000000001e+000	1.104032e-007	-2.280024e-007	-1.104022e-007	-4.625715e-007	-9.306664e-007	-1.859891e-006
1.080000000000001e+000	1.154767e-007	-2.383342e-007	-1.154758e-007	-4.833390e-007	-9.720841e-007	-1.941828e-006
1.090000000000001e+000	1.206713e-007	-2.489065e-007	-1.206703e-007	-5.045815e-007	-1.014430e-006	-2.025554e-006
1.100000000000001e+000	1.259867e-007	-2.597193e-007	-1.259858e-007	-5.262983e-007	-1.057702e-006	-2.111062e-006
1.110000000000001e+000	1.314231e-007	-2.707722e-007	-1.314221e-007	-5.484887e-007	-1.101898e-006	-2.198346e-006
1.120000000000001e+000	1.369803e-007	-2.820651e-007	-1.369793e-007	-5.711520e-007	-1.147016e-006	-2.287400e-006
1.130000000000001e+000	1.426583e-007	-2.935976e-007	-1.426573e-007	-5.942873e-007	-1.193052e-006	-2.378217e-006
1.140000000000001e+000	1.484570e-007	-3.053695e-007	-1.484561e-007	-6.178938e-007	-1.240005e-006	-2.470790e-006
1.150000000000001e+000	1.543764e-007	-3.173805e-007	-1.543754e-007	-6.419705e-007	-1.287872e-006	-2.565113e-006
1.160000000000001e+000	1.604163e-007	-3.296304e-007	-1.604153e-007	-6.665165e-007	-1.336651e-006	-2.661179e-006
1.170000000000001e+000	1.665767e-007	-3.421187e-007	-1.665757e-007	-6.915309e-007	-1.386338e-006	-2.758982e-006
1.180000000000001e+000	1.728574e-007	-3.548451e-007	-1.728564e-007	-7.170128e-007	-1.436931e-006	-2.858513e-006
1.190000000000001e+000	1.792584e-007	-3.678093e-007	-1.792574e-007	-7.429609e-007	-1.488427e-006	-2.959767e-006
1.200000000000001e+000	1.857795e-007	-3.810109e-007	-1.857784e-007	-7.693744e-007	-1.540824e-006	-3.062737e-006
1.210000000000001e+000	1.924206e-007	-3.944495e-007	-1.924195e-007	-7.962521e-007	-1.594117e-006	-3.167414e-006
1.220000000000001e+000	1.991815e-007	-4.081247e-007	-1.991805e-007	-8.235930e-007	-1.648306e-006	-3.273793e-006
1.230000000000001e+000	2.060623e-007	-4.220362e-007	-2.060612e-007	-8.513958e-007	-1.703386e-006	-3.381867e-006
1.240000000000001e+000	2.130626e-007	-4.361835e-007	-2.130616e-007	-8.796596e-007	-1.759354e-006	-3.491627e-006
1.250000000000001e+000	2.201824e-007	-4.505661e-007	-2.201813e-007	-9.083832e-007	-1.816209e-006	-3.603068e-006
1.260000000000001e+000	2.274215e-007	-4.651837e-007	-2.274204e-007	-9.375653e-007	-1.873945e-006	-3.716182e-006
1.270000000000001e+000	2.347798e-007	-4.800359e-007	-2.347787e-007	-9.672049e-007	-1.932562e-006	-3.830961e-006
1.280000000000001e+000	2.422570e-007	-4.951220e-007	-2.422560e-007	-9.973005e-007	-1.992054e-006	-3.947400e-006
1.290000000000001e+000	2.498531e-007	-5.104419e-007	-2.498521e-007	-1.027851e-006	-2.052421e-006	-4.065490e-006
1.300000000000001e+000	2.575680e-007	-5.259948e-007	-2.575669e-007	-1.058856e-006	-2.113657e-006	-4.185224e-006
1.310000000000001e+000	2.654013e-007	-5.417804e-007	-2.654002e-007	-1.090312e-006	-2.175761e-006	-4.306596e-006
1.320000000000001e+000	2.733530e-007	-5.577981e-007	-2.733519e-007	-1.122221e-006	-2.238729e-006	-4.429598e-006
1.330000000000001e+000	2.814228e-007	-5.740476e-007	-2.814217e-007	-1.154579e-006	-2.302558e-006	-4.554223e-006
1.340000000000001e+000	2.896106e-007	-5.905283e-007	-2.896095e-007	-1.187385e-006	-2.367244e-006	-4.680464e-006
1.350000000000001e+000	2.979162e-007	-6.072397e-007	-2.979151e-007	-1.220640e-006	-2.432786e-006	-4.808314e-006
1.360000000000001e+000	3.063395e-007	-6.241813e-007	-3.063384e-007	-1.254340e-006	-2.499179e-006	-4.937765e-006
1.370000000000001e+000	3.148802e-007	-6.413525e-007	-3.148791e-007	-1.288485e-006	-2.566420e-006	-5.068812e-006
1.380000000000001e+000	3.235382e-007	-6.587530e-007	-3.235371e-007	-1.323074e-006	-2.634507e-006	-5.201446e-006
1.390000000000001e+000	3.323132e-007	-6.763822e-007	-3.323121e-007	-1.358104e-006	-2.703437e-006	-5.335659e-006
1.400000000000001e+000	3.412052e-007	-6.942395e-007	-3.412040e-007	-1.393576e-006	-2.773205e-006	-5.471447e-006
1.410000000000001e+000	3.502138e-007	-7.123244e-007	-3.502126e-007	-1.429487e-006	-2.843809e-006	-5.608801e-006
1.420000000000001e+000	3.593388e-007	-7.306364e-007	-3.593377e-007	-1.465836e-006	-2.915246e-006	-5.747713e-006
1.430000000000001e+000	3.685802e-007	-7.491750e-007	-3.685791e-007	-1.502622e-006	-2.987513e-006	-5.888178e-006
1.440000000000001e+000	3.779377e-007	-7.679396e-007	-3.779365e-007	-1.539844e-006	-3.060607e-006	-6.030187e-006
1.450000000000001e+000	3.874110e-007	-7.869297e-007	-3.874099e-007	-1.577500e-006	-3.134523e-006	-6.173735e-006
1.460000000000001e+000	3.970001e-007	-8.061448e-007	-3.969989e-007	-1.615588e-006	-3.209261e-006	-6.318813e-006
1.470000000000001e+000	4.067046e-007	-8.255843e-007	-4.067034e-007	-1.654108e-006	-3.284816e-006	-6.465415e-006
1.480000000000001e+000	4.165244e-007	-8.452475e-007	-4.165232e-007	-1.693058e-006	-3.361185e-006	-6.613534e-006
1.490000000000001e+000	4.264592e-007	-8.651342e-007	-4.264580e-007	-1.732437e-006	-3.438365e-006	-6.763163e-006
1.500000000000001e+000	4.365089e-007	-8.852435e-007	-4.365077e-007	-1.772244e-006	-3.516353e-006	-6.914294e-006
1.510000000000001e+000	4.466733e-007	-9.055751e-007	-4.466721e-007	-1.812476e-006	-3.595146e-006	-7.066921e-006
1.520000000000001e+000	4.569521e-007	-9.261283e-007	-4.569509e-007	-1.853133e-006	-3.674741e-006	-7.221037e-006
1.530000000000001e+000	4.673451e-007	-9.469026e-007	-4.673439e-007	-1.894213e-006	-3.755135e-006	-7.376635e-006
1.540000000000001e+000	4.778522e-007	-9.678973e-007	-4.778509e-007	-1.935715e-006	-3.836325e-006	-7.533707e-006
1.550000000000001e+000	4.884729e-007	-9.891122e-007	-4.884718e-007	-1.977638e-006	-3.918307e-006	-7.692247e-006
1.560000000000001e+000	4.992074e-007	-1.010546e-006	-4.992062e-007	-2.019980e-006	-4.001080e-006	-7.852248e-006
1.570000000000001e+000	5.100551e-007	-1.032199e-006	-5.100540e-007	-2.062741e-006	-4.084639e-006	-8.013703e-006
1.580000000000001e+000	5.210161e-007	-1.054071e-006	-5.210148e-007	-2.105917e-006	-4.168982e-006	-8.176606e-006
1.590000000000001e+000	5.320900e-007	-1.076160e-006	-5.320887e-007	-2.149509e-006	-4.254106e-006	-8.340949e-006
1.600000000000001e+000	5.432765e-007	-1.098466e-006	-5.432753e-007	-2.193515e-006	-4.340007e-006	-8.506724e-006
1.610000000000001e+000	5.545756e-007	-1.120988e-006	-5.545744e-007	-2.237933e-006	-4.426683e-006	-8.673926e-006
1.620000000000001e+000	5.659870e-007	-1.143727e-006	-5.659857e-007	-2.282762e-006	-4.514131e-006	-8.842549e-006
1.630000000000001e+000	5.775104e-007	-1.166681e-006	-5.775091e-007	-2.328002e-006	-4.602348e-006	-9.012584e-006
1.640000000000001e+000	5.891457e-007	-1.189850e-006	-5.891444e-007	-2.373650e-006	-4.691331e-006	-9.184025e-006
1.650000000000001e+000	6.008925e-007	-1.213234e-006	-6.008913e-007	-2.419705e-006	-4.781077e-006	-9.356865e-006
1.660000000000001e+000	6.127508e-007	-1.236831e-006	-6.127495e-007	-2.466166e-006	-4.871582e-006	-9.531098e-006
1.670000000000001e+000	6.247203e-007	-1.260641e-006	-6.247190e-007	-2.513031e-006	-4.962845e-006	-9.706716e-006
1.680000000000001e+000	6.368006e-007	-1.284664e-006	-6.367993e-007	-2.560300e-006	-5.054862e-006	-9.883714e-006
1.690000000000001e+000	6.489918e-007	-1.308899e-006	-6.489905e-007	-2.607970e-006	-5.147631e-006	-1.006208e-005
1.700000000000001e+000	6.612934e-007	-1.333345e-006	-6.612921e-007	-2.656041e-006	-5.241147e-006	-1.024182e-005
1.710000000000001e+000	6.737053e-007	-1.358002e-006	-6.737040e-007	-2.704512e-006	-5.335410e-006	-1.042291e-005
1.720000000000001e+000	6.862273e-007	-1.382870e-006	-6.862260e-007	-2.753381e-006	-5.430415e-006	-1.060536e-005
1.730000000000001e+000	6.988591e-007	-1.407947e-006	-6.988578e-007	-2.802646e-006	-5.526159e-006	-1.078915e-005
1.740000000000001e+000	7.116006e-007	-1.433234e-006	-7.115992e-007	-2.852307e-006	-5.622640e-006	-1.097428e-005
1.750000000000001e+000	7.244514e-007	-1.458729e-006	-7.244500e-007	-2.902361e-006	-5.719855e-006	-1.116075e-005
1.760000000000001e+000	7.374114e-007	-1.484432e-006	-7.374101e-007	-2.952809e-006	-5.817802e-006	-1.134854e-005
1.770000000000001e+000	7.504804e-007	-1.510343e-006	-7.504790e-007	-3.003648e-006	-5.916477e-006	-1.153765e-005
1.780000000000001e+000	7.636580e-007	-1.536460e-006	-7.636567e-007	-3.054878e-006	-6.015877e-006	-1.172807e-005
1.790000000000001e+000	7.769442e-007	-1.562784e-006	-7.769428e-007	-3.106496e-006	-6.116000e-006	-1.191980e-005
1.800000000000001e+000	7.903387e-007	-1.589314e-006	-7.903373e-007	-3.158503e-006	-6.216843e-006	-1.211283e-005
1.810000000000001e+000	8.038411e-007	-1.616049e-006	-8.038398e-007	-3.210896e-006	-6.318403e-006	-1.230715e-005
1.820000000000001e+000	8.174515e-007	-1.642989e-006	-8.174501e-007	-3.263674e-006	-6.420677e-006	-1.250276e-005
1.830000000000001e+000	8.311694e-007	-1.670133e-006	-8.311681e-007	-3.316836e-006	-6.523662e-006	-1.269965e-005
1.840000000000001e+000	8.449948e-007	-1.697480e-006	-8.449933e-007	-3.370381e-006	-6.627356e-006	-1.289781e-005
1.850000000000001e+000	8.589272e-007	-1.725030e-006	-8.589258e-007	-3.424307e-006	-6.731757e-006	-1.309724e-005
1.860000000000001e+000	8.729666e-007	-1.752783e-006	-8.729652e-007	-3.478614e-006	-6.836860e-006	-1.329794e-005
1.870000000000001e+000	8.871128e-007	-1.780738e-006	-8.871114e-007	-3.533300e-006	-6.942664e-006	-1.349989e-005
1.880000000000001e+000	9.013654e-007	-1.808894e-006	-9.013640e-007	-3.588363e-006	-7.049166e-006	-1.370308e-005
1.890000000000002e+000	9.157243e-007	-1.837251e-006	-9.157229e-007	-3.643804e-006	-7.156362e-006	-1.390753e-005
1.900000000000002e+000	9.301892e-007	-1.865809e-006	-9.301878e-007	-3.699619e-006	-7.264251e-006	-1.411320e-005
1.910000000000002e+000	9.447600e-007	-1.894566e-006	-9.447585e-007	-3.755809e-006	-7.372829e-006	-1.432011e-005
1.920000000000002e+000	9.594363e-007	-1.923522e-006	-9.594349e-007	-3.812372e-006	-7.482094e-006	-1.452824e-005
1.930000000000002e+000	9.742181e-007	-1.952676e-006	-9.742166e-007	-3.869307e-006	-7.592043e-006	-1.473759e-005
1.940000000000002e+000	9.891050e-007	-1.982030e-006	-9.891036e-007	-3.926612e-006	-7.702674e-006	-1.494815e-005
1.950000000000002e+000	1.004097e-006	-2.011580e-006	-1.004095e-006	-3.984287e-006	-7.813983e-006	-1.515992e-005
1.960000000000002e+000	1.019193e-006	-2.041327e-006	-1.019192e-006	-4.042330e-006	-7.925969e-006	-1.537289e-005
1.970000000000002e+000	1.034394e-006	-2.071271e-006	-1.034393e-006	-4.100740e-006	-8.038628e-006	-1.558705e-005
1.980000000000002e+000	1.049700e-006	-2.101411e-006	-1.049698e-006	-4.159516e-006	-8.151957e-006	-1.580240e-005
1.990000000000002e+000	1.065109e-006	-2.131746e-006	-1.065108e-006	-4.218657e-006	-8.265955e-006	-1.601893e-005
2.000000000000001e+000	1.080622e-006	-2.162277e-006	-1.080621e-006	-4.278161e-006	-8.380619e-006	-1.623663e-005
2.010000000000001e+000	1.096239e-006	-2.193001e-006	-1.096238e-006	-4.338028e-006	-8.495945e-006	-1.645551e-005
2.020000000000001e+000	1.111960e-006	-2.223920e-006	-1.111958e-006	-4.398256e-006	-8.611932e-006	-1.667555e-005
2.030000000000001e+000	1.127783e-006	-2.255031e-006	-1.127782e-006	-4.458844e-006	-8.728575e-006	-1.689674e-005
2.040000000000001e+000	1.143709e-006	-2.286336e-006	-1.143708e-006	-4.519791e-006	-8.845875e-006	-1.711909e-005
2.050000000000000e+000	1.159739e-006	-2.317833e-006	-1.159737e-006	-4.581096e-006	-8.963827e-006	-1.734259e-005
2.060000000000000e+000	1.175870e-006	-2.349521e-006	-1.175869e-006	-4.642757e-006	-9.082429e-006	-1.756722e-005
2.070000000000000e+000	1.192104e-006	-2.381401e-006	-1.192103e-006	-4.704774e-006	-9.201677e-006	-1.779299e-005
2.080000000000000e+000	1.208440e-006	-2.413471e-006	-1.208439e-006	-4.767145e-006	-9.321571e-006	-1.801989e-005
2.089999999999999e+000	1.224878e-006	-2.445732e-006	-1.224877e-006	-4.829870e-006	-9.442108e-006	-1.824791e-005
2.099999999999999e+000	1.241418e-006	-2.478182e-006	-1.241416e-006	-4.892946e-006	-9.563283e-006	-1.847705e-005
2.109999999999999e+000	1.258059e-006	-2.510822e-006	-1.258058e-006	-4.956374e-006	-9.685096e-006	-1.870730e-005
2.119999999999999e+000	1.274801e-006	-2.543650e-006	-1.274800e-006	-5.020152e-006	-9.807543e-006	-1.893865e-005
2.129999999999999e+000	1.291645e-006	-2.576666e-006	-1.291643e-006	-5.084278e-006	-9.930623e-006	-1.917111e-005
2.139999999999998e+000	1.308589e-006	-2.609871e-006	-1.308588e-006	-5.148752e-006	-1.005433e-005	-1.940466e-005
2.149999999999998e+000	1.325634e-006	-2.643262e-006	-1.325632e-006	-5.213573e-006	-1.017867e-005	-1.963930e-005
2.159999999999998e+000	1.342779e-006	-2.676840e-006	-1.342777e-006	-5.278739e-006	-1.030363e-005	-1.987502e-005
2.169999999999998e+000	1.360024e-006	-2.710604e-006	-1.360023e-006	-5.344250e-006	-1.042921e-005	-2.011183e-005
2.179999999999998e+000	1.377370e-006	-2.744554e-006	-1.377368e-006	-5.410104e-006	-1.055542e-005	-2.034970e-005
2.189999999999997e+000	1.394815e-006	-2.778688e-006	-1.394813e-006	-5.476300e-006	-1.068224e-005	-2.058864e-005
2.199999999999997e+000	1.412359e-006	-2.813008e-006	-1.412358e-006	-5.542837e-006	-1.080967e-005	-2.082864e-005
2.209999999999997e+000	1.430003e-006	-2.847512e-006	-1.430002e-006	-5.609714e-006	-1.093772e-005	-2.106970e-005
2.219999999999997e+000	1.447746e-006	-2.882199e-006	-1.447745e-006	-5.676930e-006	-1.106638e-005	-2.131181e-005
2.229999999999996e+000	1.465588e-006	-2.917070e-006	-1.465587e-006	-5.744485e-006	-1.119564e-005	-2.155496e-005
2.239999999999996e+000	1.483529e-006	-2.952124e-006	-1.483527e-006	-5.812376e-006	-1.132551e-005	-2.179916e-005
2.249999999999996e+000	1.501568e-006	-2.987360e-006	-1.501566e-006	-5.880603e-006	-1.145598e-005	-2.204439e-005
2.259999999999996e+000	1.519705e-006	-3.022777e-006	-1.519704e-006	-5.949164e-006	-1.158706e-005	-2.229064e-005
2.269999999999996e+000	1.537941e-006	-3.058376e-006	-1.537939e-006	-6.018060e-006	-1.171873e-005	-2.253793e-005
2.279999999999995e+000	1.556274e-006	-3.094156e-006	-1.556273e-006	-6.087287e-006	-1.185099e-005	-2.278623e-005
2.289999999999995e+000	1.574705e-006	-3.130116e-006	-1.574704e-006	-6.156847e-006	-1.198385e-005	-2.303554e-005
2.299999999999995e+000	1.593234e-006	-3.166256e-006	-1.593232e-006	-6.226737e-006	-1.211730e-005	-2.328586e-005
2.309999999999995e+000	1.611860e-006	-3.202576e-006	-1.611858e-006	-6.296956e-006	-1.225134e-005	-2.353719e-005
2.319999999999995e+000	1.630583e-006	-3.239074e-006	-1.630581e-006	-6.367504e-006	-1.238596e-005	-2.378951e-005
2.329999999999994e+000	1.649402e-006	-3.275751e-006	-1.649401e-006	-6.438379e-006	-1.252117e-005	-2.404282e-005
2.339999999999994e+000	1.668319e-006	-3.312606e-006	-1.668317e-006	-6.509581e-006	-1.265696e-005	-2.429713e-005
2.349999999999994e+000	1.687331e-006	-3.349639e-006	-1.687330e-006	-6.581108e-006	-1.279333e-005	-2.455241e-005
2.359999999999994e+000	1.706440e-006	-3.386848e-006	-1.706439e-006	-6.652959e-006	-1.293027e-005	-2.480868e-005
2.369999999999993e+000	1.725645e-006	-3.424235e-006	-1.725644e-006	-6.725134e-006	-1.306779e-005	-2.506591e-005
2.379999999999993e+000	1.744946e-006	-3.461797e-006	-1.744945e-006	-6.797630e-006	-1.320588e-005	-2.532411e-005
2.389999999999993e+000	1.764343e-006	-3.499536e-006	-1.764341e-006	-6.870448e-006	-1.334455e-005	-2.558328e-005
2.399999999999993e+000	1.783835e-006	-3.537449e-006	-1.783833e-006	-6.943587e-006	-1.348378e-005	-2.584340e-005
2.409999999999993e+000	1.803422e-006	-3.575537e-006	-1.803420e-006	-7.017044e-006	-1.362357e-005	-2.610448e-005
2.419999999999992e+000	1.823104e-006	-3.613800e-006	-1.823103e-006	-7.090820e-006	-1.376393e-005	-2.636650e-005
2.429999999999992e+000	1.842881e-006	-3.652237e-006	-1.842880e-006	-7.164913e-006	-1.390485e-005	-2.662946e-005
2.439999999999992e+000	1.862753e-006	-3.690847e-006	-1.862752e-006	-7.239323e-006	-1.404632e-005	-2.689337e-005
2.449999999999992e+000	1.882719e-006	-3.729630e-006	-1.882718e-006	-7.314047e-006	-1.418836e-005	-2.715820e-005
2.459999999999992e+000	1.902780e-006	-3.768586e-006	-1.902778e-006	-7.389086e-006	-1.433094e-005	-2.742396e-005
2.469999999999991e+000	1.922934e-006	-3.807714e-006	-1.922933e-006	-7.464438e-006	-1.447408e-005	-2.769065e-005
2.479999999999991e+000	1.943183e-006	-3.847013e-006	-1.943181e-006	-7.540102e-006	-1.461777e-005	-2.795826e-005
2.489999999999991e+000	1.963525e-006	-3.886484e-006	-1.963523e-006	-7.616078e-006	-1.476201e-005	-2.822678e-005
2.499999999999991e+000	1.983960e-006	-3.926126e-006	-1.983959e-006	-7.692363e-006	-1.490679e-005	-2.849620e-005
2.509999999999991e+000	2.004489e-006	-3.965938e-006	-2.004487e-006	-7.768958e-006	-1.505211e-005	-2.876654e-005
2.519999999999990e+000	2.025111e-006	-4.005920e-006	-2.025109e-006	-7.845862e-006	-1.519798e-005	-2.903777e-005
2.529999999999990e+000	2.045826e-006	-4.046071e-006	-2.045824e-006	-7.923073e-006	-1.534438e-005	-2.930989e-005
2.539999999999990e+000	2.066633e-006	-4.086392e-006	-2.066632e-006	-8.000590e-006	-1.549132e-005	-2.958291e-005
2.549999999999990e+000	2.087533e-006	-4.126881e-006	-2.087532e-006	-8.078413e-006	-1.563880e-005	-2.985681e-005
2.559999999999989e+000	2.108525e-006	-4.167539e-006	-2.108524e-006	-8.156540e-006	-1.578681e-005	-3.013159e-005
2.569999999999989e+000	2.129610e-006	-4.208364e-006	-2.129608e-006	-8.234971e-006	-1.593534e-005	-3.040725e-005
2.579999999999989e+000	2.150786e-006	-4.249357e-006	-2.150785e-006	-8.313704e-006	-1.608441e-005	-3.068378e-005
2.589999999999989e+000	2.172054e-006	-4.290517e-006	-2.172053e-006	-8.392739e-006	-1.623400e-005	-3.096118e-005
2.599999999999989e+000	2.193414e-006	-4.331843e-006	-2.193412e-006	-8.472074e-006	-1.638412e-005	-3.123944e-005
2.609999999999988e+000	2.214865e-006	-4.373335e-006	-2.214864e-006	-8.551709e-006	-1.653475e-005	-3.151856e-005
2.619999999999988e+000	2.236407e-006	-4.414993e-006	-2.236406e-006	-8.631643e-006	-1.668591e-005	-3.179853e-005
2.629999999999988e+000	2.258040e-006	-4.456816e-006	-2.258039e-006	-8.711875e-006	-1.683758e-005	-3.207936e-005
2.639999999999988e+000	2.279765e-006	-4.498804e-006	-2.279763e-006	-8.792404e-006	-1.698977e-005	-3.236102e-005
2.649999999999988e+000	2.301579e-006	-4.540956e-006	-2.301578e-006	-8.873228e-006	-1.714247e-005	-3.264353e-005
2.659999999999987e+000	2.323484e-006	-4.583273e-006	-2.323483e-006	-8.954347e-006	-1.729569e-005	-3.292687e-005
2.669999999999987e+000	2.345480e-006	-4.625753e-006	-2.345478e-006	-9.035761e-006	-1.744941e-005	-3.321105e-005
2.679999999999987e+000	2.367565e-006	-4.668396e-006	-2.367563e-006	-9.117467e-006	-1.760364e-005	-3.349605e-005
2.689999999999987e+000	2.389740e-006	-4.711202e-006	-2.389738e-006	-9.199466e-006	-1.775838e-005	-3.378187e-005
2.699999999999986e+000	2.412005e-006	-4.754170e-006	-2.412004e-006	-9.281756e-006	-1.791362e-005	-3.406851e-005
2.709999999999986e+000	2.434360e-006	-4.797300e-006	-2.434358e-006	-9.364337e-006	-1.806935e-005	-3.435597e-005
2.719999999999986e+000	2.456803e-006	-4.840591e-006	-2.456802e-006	-9.447206e-006	-1.822559e-005	-3.464424e-005
2.729999999999986e+000	2.479336e-006	-4.884044e-006	-2.479335e-006	-9.530365e-006	-1.838233e-005	-3.493331e-005
2.739999999999986e+000	2.501958e-006	-4.927658e-006	-2.501956e-006	-9.613811e-006	-1.853956e-005	-3.522319e-005
2.749999999999985e+000	2.524669e-006	-4.971431e-006	-2.524667e-006	-9.697544e-006	-1.869728e-005	-3.551386e-005
2.759999999999985e+000	2.547468e-006	-5.015365e-006	-2.547466e-006	-9.781562e-006	-1.885549e-005	-3.580533e-005
2.769999999999985e+000	2.570356e-006	-5.059458e-006	-2.570354e-006	-9.865865e-006	-1.901419e-005	-3.609758e-005
2.779999999999985e+000	2.593332e-006	-5.103710e-006	-2.593330e-006	-9.950452e-006	-1.917339e-005	-3.639062e-005
2.789999999999985e+000	2.616396e-006	-5.148121e-006	-2.616394e-006	-1.003532e-005	-1.933306e-005	-3.668444e-005
2.799999999999984e+000	2.639548e-006	-5.192690e-006	-2.639546e-006	-1.012048e-005	-1.949322e-005	-3.697904e-005
2.809999999999984e+000	2.662787e-006	-5.237417e-006	-2.662786e-006	-1.020591e-005	-1.965386e-005	-3.727440e-005
2.819999999999984e+000	2.686114e-006	-5.282302e-006	-2.686113e-006	-1.029162e-005	-1.981497e-005	-3.757054e-005
2.829999999999984e+000	2.709529e-006	-5.327343e-006	-2.709527e-006	-1.037762e-005	-1.997657e-005	-3.786744e-005
2.839999999999983e+000	2.733030e-006	-5.372541e-006	-2.733029e-006	-1.046389e-005	-2.013864e-005	-3.816510e-005
2.849999999999983e+000	2.756619e-006	-5.417895e-006	-2.756617e-006	-1.055044e-005	-2.030118e-005	-3.846352e-005
2.859999999999983e+000	2.780294e-006	-5.463406e-006	-2.780293e-006	-1.063726e-005	-2.046420e-005	-3.876269e-005
2.869999999999983e+000	2.804057e-006	-5.509071e-006	-2.804055e-006	-1.072437e-005	-2.062768e-005	-3.906260e-005
2.879999999999983e+000	2.827905e-006	-5.554892e-006	-2.827903e-006	-1.081174e-005	-2.079163e-005	-3.936327e-005
2.889999999999982e+000	2.851840e-006	-5.600868e-006	-2.851838e-006	-1.089940e-005	-2.095605e-005	-3.966467e-005
2.899999999999982e+000	2.875861e-006	-5.646998e-006	-2.875859e-006	-1.098732e-005	-2.112093e-005	-3.996681e-005
2.909999999999982e+000	2.899968e-006	-5.693281e-006	-2.899966e-006	-1.107552e-005	-2.128627e-005	-4.026968e-005
2.919999999999982e+000	2.924160e-006	-5.739719e-006	-2.924158e-006	-1.116399e-005	-2.145208e-005	-4.057328e-005
2.929999999999982e+000	2.948438e-006	-5.786309e-006	-2.948437e-006	-1.125273e-005	-2.161834e-005	-4.087760e-005
2.939999999999981e+000	2.972802e-006	-5.833052e-006	-2.972800e-006	-1.134174e-005	-2.178506e-005	-4.118265e-005
2.949999999999981e+000	2.997251e-006	-5.879947e-006	-2.997249e-006	-1.143101e-005	-2.195223e-005	-4.148841e-005
2.959999999999981e+000	3.021785e-006	-5.926995e-006	-3.021783e-006	-1.152056e-005	-2.211985e-005	-4.179488e-005
2.969999999999981e+000	3.046403e-006	-5.974194e-006	-3.046402e-006	-1.161037e-005	-2.228792e-005	-4.210207e-005
2.979999999999980e+000	3.071107e-006	-6.021544e-006	-3.071105e-006	-1.170045e-005	-2.245645e-005	-4.240996e-005
2.989999999999980e+000	3.095895e-006	-6.069045e-006	-3.095893e-006	-1.179080e-005	-2.262542e-005	-4.271855e-005
2.999999999999980e+000	3.120767e-006	-6.116696e-006	-3.120766e-006	-1.188141e-005	-2.279483e-005	-4.302783e-005
3.009999999999980e+000	3.145724e-006	-6.164497e-006	-3.145723e-006	-1.197228e-005	-2.296469e-005	-4.333782e-005
3.019999999999980e+000	3.170765e-006	-6.212448e-006	-3.170763e-006	-1.206342e-005	-2.313499e-005	-4.364849e-005
3.029999999999979e+000	3.195889e-006	-6.260549e-006	-3.195888e-006	-1.215482e-005	-2.330573e-005	-4.395985e-005
3.039999999999979e+000	3.221098e-006	-6.308798e-006	-3.221096e-006	-1.224648e-005	-2.347691e-005	-4.427190e-005
3.049999999999979e+000	3.246389e-006	-6.357195e-006	-3.246388e-006	-1.233840e-005	-2.364852e-005	-4.458462e-005
3.059999999999979e+000	3.271765e-006	-6.405741e-006	-3.271763e-006	-1.243058e-005	-2.382057e-005	-4.489802e-005
3.069999999999979e+000	3.297223e-006	-6.454434e-006	-3.297221e-006	-1.252302e-005	-2.399305e-005	-4.521209e-005
3.079999999999978e+000	3.322764e-006	-6.503275e-006	-3.322763e-006	-1.261571e-005	-2.416596e-005	-4.552682e-005
3.089999999999978e+000	3.348388e-006	-6.552263e-006	-3.348387e-006	-1.270867e-005	-2.433930e-005	-4.584223e-005
3.099999999999978e+000	3.374096e-006	-6.601397e-006	-3.374094e-006	-1.280188e-005	-2.451306e-005	-4.615829e-005
3.109999999999978e+000	3.399885e-006	-6.650678e-006	-3.399883e-006	-1.289534e-005	-2.468725e-005	-4.647502e-005
3.119999999999978e+000	3.425757e-006	-6.700105e-006	-3.425755e-006	-1.298906e-005	-2.486187e-005	-4.679239e-005
3.129999999999977e+000	3.451711e-006	-6.749676e-006	-3.451709e-006	-1.308303e-005	-2.503690e-005	-4.711042e-005
3.139999999999977e+000	3.477747e-006	-6.799393e-006	-3.477745e-006	-1.317726e-005	-2.521236e-005	-4.742909e-005
3.149999999999977e+000	3.503864e-006	-6.849255e-006	-3.503863e-006	-1.327174e-005	-2.538824e-005	-4.774841e-005
3.159999999999977e+000	3.530064e-006	-6.899261e-006	-3.530062e-006	-1.336647e-005	-2.556453e-005	-4.806837e-005
3.169999999999976e+000	3.556345e-006	-6.949411e-006	-3.556343e-006	-1.346145e-005	-2.574123e-005	-4.838896e-005
3.179999999999976e+000	3.582707e-006	-6.999705e-006	-3.582706e-006	-1.355668e-005	-2.591835e-005	-4.871019e-005
3.189999999999976e+000	3.609151e-006	-7.050142e-006	-3.609149e-006	-1.365216e-005	-2.609588e-005	-4.903204e-005
3.199999999999976e+000	3.635676e-006	-7.100722e-006	-3.635674e-006	-1.374788e-005	-2.627382e-005	-4.935453e-005
3.209999999999976e+000	3.662281e-006	-7.151444e-006	-3.662279e-006	-1.384386e-005	-2.645217e-005	-4.967763e-005
3.219999999999975e+000	3.688967e-006	-7.202309e-006	-3.688965e-006	-1.394008e-005	-2.663093e-005	-5.000136e-005
3.229999999999975e+000	3.715734e-006	-7.253315e-006	-3.715732e-006	-1.403654e-005	-2.681008e-005	-5.032570e-005
3.239999999999975e+000	3.742581e-006	-7.304462e-006	-3.742579e-006	-1.413325e-005	-2.698964e-005	-5.065065e-005
3.249999999999975e+000	3.769508e-006	-7.355751e-006	-3.769507e-006	-1.423021e-005	-2.716961e-005	-5.097621e-005
3.259999999999975e+000	3.796515e-006	-7.407180e-006	-3.796514e-006	-1.432740e-005	-2.734997e-005	-5.130238e-005
3.269999999999974e+000	3.823603e-006	-7.458750e-006	-3.823601e-006	-1.442484e-005	-2.753073e-005	-5.162914e-005
3.279999999999974e+000	3.850770e-006	-7.510459e-006	-3.850768e-006	-1.452252e-005	-2.771188e-005	-5.195651e-005
3.289999999999974e+000	3.878016e-006	-7.562308e-006	-3.878014e-006	-1.462044e-005	-2.789343e-005	-5.228448e-005
3.299999999999974e+000	3.905342e-006	-7.614296e-006	-3.905340e-006	-1.471861e-005	-2.807538e-005	-5.261304e-005
3.309999999999973e+000	3.932747e-006	-7.666424e-006	-3.932745e-006	-1.481701e-005	-2.825771e-005	-5.294218e-005
3.319999999999973e+000	3.960231e-006	-7.718689e-006	-3.960229e-006	-1.491564e-005	-2.844043e-005	-5.327191e-005
3.329999999999973e+000	3.987794e-006	-7.771092e-006	-3.987792e-006	-1.501452e-005	-2.862354e-005	-5.360223e-005
3.339999999999973e+000	4.015436e-006	-7.823633e-006	-4.015434e-006	-1.511363e-005	-2.880704e-005	-5.393312e-005
3.349999999999973e+000	4.043156e-006	-7.876312e-006	-4.043155e-006	-1.521298e-005	-2.899092e-005	-5.426459e-005
3.359999999999972e+000	4.070955e-006	-7.929129e-006	-4.070953e-006	-1.531257e-005	-2.917519e-005	-5.459664e-005
3.369999999999972e+000	4.098832e-006	-7.982080e-006	-4.098830e-006	-1.541239e-005	-2.935983e-005	-5.492925e-005
3.379999999999972e+000	4.126787e-006	-8.035169e-006	-4.126785e-006	-1.551244e-005	-2.954486e-005	-5.526243e-005
3.389999999999972e+000	4.154821e-006	-8.088394e-006	-4.154819e-006	-1.561272e-005	-2.973026e-005	-5.559617e-005
3.399999999999972e+000	4.182931e-006	-8.141754e-006	-4.182930e-006	-1.571324e-005	-2.991604e-005	-5.593048e-005
3.409999999999971e+000	4.211120e-006	-8.195249e-006	-4.211118e-006	-1.581399e-005	-3.010219e-005	-5.626534e-005
3.419999999999971e+000	4.239386e-006	-8.248880e-006	-4.239384e-006	-1.591497e-005	-3.028872e-005	-5.660075e-005
3.429999999999971e+000	4.267729e-006	-8.302644e-006	-4.267727e-006	-1.601618e-005	-3.047562e-005	-5.693671e-005
3.439999999999971e+000	4.296150e-006	-8.356544e-006	-4.296148e-006	-1.611762e-005	-3.066289e-005	-5.727323e-005
3.449999999999970e+000	4.324647e-006	-8.410576e-006	-4.324645e-006	-1.621928e-005	-3.085053e-005	-5.761029e-005
3.459999999999970e+000	4.353221e-006	-8.464743e-006	-4.353220e-006	-1.632118e-005	-3.103853e-005	-5.794789e-005
3.469999999999970e+000	4.381872e-006	-8.519041e-006	-4.381871e-006	-1.642330e-005	-3.122690e-005	-5.828602e-005
3.479999999999970e+000	4.410600e-006	-8.573474e-006	-4.410598e-006	-1.652564e-005	-3.141563e-005	-5.862470e-005
3.489999999999970e+000	4.439404e-006	-8.628038e-006	-4.439402e-006	-1.662821e-005	-3.160473e-005	-5.896391e-005
3.499999999999969e+000	4.468284e-006	-8.682735e-006	-4.468282e-006	-1.673101e-005	-3.179418e-005	-5.930364e-005
3.509999999999969e+000	4.497240e-006	-8.737563e-006	-4.497238e-006	-1.683403e-005	-3.198399e-005	-5.964390e-005
3.519999999999969e+000	4.526272e-006	-8.792522e-006	-4.526270e-006	-1.693727e-005	-3.217416e-005	-5.998469e-005
3.529999999999969e+000	4.555380e-006	-8.847613e-006	-4.555378e-006	-1.704073e-005	-3.236469e-005	-6.032599e-005
3.539999999999969e+000	4.584563e-006	-8.902834e-006	-4.584561e-006	-1.714442e-005	-3.255557e-005	-6.066781e-005
3.549999999999968e+000	4.613822e-006	-8.958185e-006	-4.613820e-006	-1.724833e-005	-3.274681e-005	-6.101015e-005
3.559999999999968e+000	4.643156e-006	-9.013666e-006	-4.643154e-006	-1.735245e-005	-3.293839e-005	-6.135300e-005
3.569999999999968e+000	4.672565e-006	-9.069277e-006	-4.672563e-006	-1.745680e-005	-3.313033e-005	-6.169636e-005
3.579999999999968e+000	4.702049e-006	-9.125017e-006	-4.702047e-006	-1.756136e-005	-3.332261e-005	-6.204022e-005
3.589999999999967e+000	4.731608e-006	-9.180886e-006	-4.731606e-006	-1.766614e-005	-3.351524e-005	-6.238458e-005
3.599999999999967e+000	4.761242e-006	-9.236884e-006	-4.761240e-006	-1.777114e-005	-3.370822e-005	-6.272945e-005
3.609999999999967e+000	4.790949e-006	-9.293009e-006	-4.790948e-006	-1.787635e-005	-3.390154e-005	-6.307482e-005
3.619999999999967e+000	4.820732e-006	-9.349263e-006	-4.820730e-006	-1.798179e-005	-3.409520e-005	-6.342067e-005
3.629999999999967e+000	4.850589e-006	-9.405643e-006	-4.850587e-006	-1.808743e-005	-3.428920e-005	-6.376702e-005
3.639999999999966e+000	4.880519e-006	-9.462152e-006	-4.880517e-006	-1.819329e-005	-3.448354e-005	-6.411385e-005
3.649999999999966e+000	4.910523e-006	-9.518787e-006	-4.910522e-006	-1.829936e-005	-3.467822e-005	-6.446118e-005
3.659999999999966e+000	4.940602e-006	-9.575548e-006	-4.940600e-006	-1.840564e-005	-3.487324e-005	-6.480898e-005
3.669999999999966e+000	4.970753e-006	-9.632436e-006	-4.970752e-006	-1.851214e-005	-3.506858e-005	-6.515727e-005
3.679999999999966e+000	5.000978e-006	-9.689449e-006	-5.000977e-006	-1.861884e-005	-3.526427e-005	-6.550603e-005
3.689999999999965e+000	5.031277e-006	-9.746587e-006	-5.031275e-006	-1.872576e-005	-3.546028e-005	-6.585527e-005
3.699999999999965e+000	5.061649e-006	-9.803852e-006	-5.061647e-006	-1.883289e-005	-3.565663e-005	-6.620497e-005
3.709999999999965e+000	5.092093e-006	-9.861240e-006	-5.092092e-006	-1.894022e-005	-3.585330e-005	-6.655515e-005
3.719999999999965e+000	5.122611e-006	-9.918753e-006	-5.122609e-006	-1.904776e-005	-3.605030e-005	-6.690579e-005
3.729999999999965e+000	5.153201e-006	-9.976390e-006	-5.153199e-006	-1.915551e-005	-3.624763e-005	-6.725689e-005
3.739999999999964e+000	5.183863e-006	-1.003415e-005	-5.183862e-006	-1.926347e-005	-3.644528e-005	-6.760846e-005
3.749999999999964e+000	5.214598e-006	-1.009204e-005	-5.214596e-006	-1.937164e-005	-3.664325e-005	-6.796049e-005
3.759999999999964e+000	5.245405e-006	-1.015004e-005	-5.245403e-006	-1.948000e-005	-3.684155e-005	-6.831296e-005
3.769999999999964e+000	5.276284e-006	-1.020817e-005	-5.276283e-006	-1.958858e-005	-3.704016e-005	-6.866589e-005
3.779999999999963e+000	5.307235e-006	-1.026642e-005	-5.307234e-006	-1.969735e-005	-3.723910e-005	-6.901927e-005
3.789999999999963e+000	5.338258e-006	-1.032480e-005	-5.338256e-006	-1.980633e-005	-3.743835e-005	-6.937310e-005
3.799999999999963e+000	5.369352e-006	-1.038330e-005	-5.369351e-006	-1.991551e-005	-3.763791e-005	-6.972737e-005
3.809999999999963e+000	5.400518e-006	-1.044191e-005	-5.400516e-006	-2.002490e-005	-3.783780e-005	-7.008208e-005
3.819999999999963e+000	5.431755e-006	-1.050065e-005	-5.431754e-006	-2.013448e-005	-3.803799e-005	-7.043724e-005
3.829999999999962e+000	5.463064e-006	-1.055951e-005	-5.463062e-006	-2.024426e-005	-3.823850e-005	-7.079282e-005
3.839999999999962e+000	5.494443e-006	-1.061849e-005	-5.494441e-006	-2.035425e-005	-3.843931e-005	-7.114885e-005
3.849999999999962e+000	5.525893e-006	-1.067759e-005	-5.525892e-006	-2.046443e-005	-3.864044e-005	-7.150530e-005
3.859999999999962e+000	5.557414e-006	-1.073681e-005	-5.557412e-006	-2.057481e-005	-3.884187e-005	-7.186218e-005
3.869999999999962e+000	5.589005e-006	-1.079615e-005	-5.589004e-006	-2.068539e-005	-3.904361e-005	-7.221948e-005
3.879999999999961e+000	5.620667e-006	-1.085561e-005	-5.620666e-006	-2.079617e-005	-3.924565e-005	-7.257722e-005
3.889999999999961e+000	5.652400e-006	-1.091518e-005	-5.652398e-006	-2.090714e-005	-3.944799e-005	-7.293536e-005
3.899999999999961e+000	5.684202e-006	-1.097488e-005	-5.684200e-006	-2.101830e-005	-3.965064e-005	-7.329394e-005
3.909999999999961e+000	5.716074e-006	-1.103469e-005	-5.716072e-006	-2.112966e-005	-3.985359e-005	-7.365292e-005
3.919999999999960e+000	5.748016e-006	-1.109462e-005	-5.748014e-006	-2.124122e-005	-4.005684e-005	-7.401232e-005
3.929999999999960e+000	5.780028e-006	-1.115467e-005	-5.780026e-006	-2.135297e-005	-4.026038e-005	-7.437212e-005
3.939999999999960e+000	5.812109e-006	-1.121483e-005	-5.812107e-006	-2.146491e-005	-4.046422e-005	-7.473234e-005
3.949999999999960e+000	5.844260e-006	-1.127512e-005	-5.844258e-006	-2.157704e-005	-4.066836e-005	-7.509297e-005
3.959999999999960e+000	5.876479e-006	-1.133551e-005	-5.876478e-006	-2.168936e-005	-4.087279e-005	-7.545399e-005
3.969999999999959e+000	5.908769e-006	-1.139603e-005	-5.908767e-006	-2.180188e-005	-4.107751e-005	-7.581541e-005
3.979999999999959e+000	5.941126e-006	-1.145666e-005	-5.941125e-006	-2.191458e-005	-4.128252e-005	-7.617724e-005
3.989999999999959e+000	5.973553e-006	-1.151741e-005	-5.973552e-006	-2.202748e-005	-4.148782e-005	-7.653946e-005
3.999999999999959e+000	6.006049e-006	-1.157827e-005	-6.006047e-006	-2.214056e-005	-4.169341e-005	-7.690207e-005
4.009999999999959e+000	6.038613e-006	-1.163924e-005	-6.038611e-006	-2.225383e-005	-4.189929e-005	-7.726507e-005
4.019999999999959e+000	6.071245e-006	-1.170033e-005	-6.071243e-006	-2.236729e-005	-4.210545e-005	-7.762847e-005
4.029999999999959e+000	6.103945e-006	-1.176154e-005	-6.103944e-006	-2.248093e-005	-4.231190e-005	-7.799224e-005
4.039999999999958e+000	6.136714e-006	-1.182285e-005	-6.136712e-006	-2.259476e-005	-4.251863e-005	-7.835640e-005
4.049999999999958e+000	6.169550e-006	-1.188429e-005	-6.169549e-006	-2.270877e-005	-4.272564e-005	-7.872094e-005
4.059999999999958e+000	6.202455e-006	-1.194583e-005	-6.202453e-006	-2.282297e-005	-4.293293e-005	-7.908586e-005
4.069999999999958e+000	6.235427e-006	-1.200749e-005	-6.235425e-006	-2.293735e-005	-4.314050e-005	-7.945116e-005
4.079999999999957e+000	6.268466e-006	-1.206926e-005	-6.268465e-006	-2.305192e-005	-4.334835e-005	-7.981683e-005
4.089999999999957e+000	6.301573e-006	-1.213114e-005	-6.301572e-006	-2.316667e-005	-4.355648e-005	-8.018286e-005
4.099999999999957e+000	6.334747e-006	-1.219314e-005	-6.334746e-006	-2.328159e-005	-4.376487e-005	-8.054927e-005
4.109999999999957e+000	6.367989e-006	-1.225524e-005	-6.367987e-006	-2.339671e-005	-4.397355e-005	-8.091606e-005
4.119999999999957e+000	6.401297e-006	-1.231746e-005	-6.401295e-006	-2.351200e-005	-4.418249e-005	-8.128319e-005
4.129999999999956e+000	6.434672e-006	-1.237979e-005	-6.434670e-006	-2.362747e-005	-4.439171e-005	-8.165069e-005
4.139999999999956e+000	6.468113e-006	-1.244223e-005	-6.468112e-006	-2.374312e-005	-4.460120e-005	-8.201856e-005
4.149999999999956e+000	6.501622e-006	-1.250478e-005	-6.501620e-006	-2.385895e-005	-4.481095e-005	-8.238678e-005
4.159999999999956e+000	6.535196e-006	-1.256744e-005	-6.535194e-006	-2.397495e-005	-4.502097e-005	-8.275535e-005
4.169999999999956e+000	6.568837e-006	-1.263021e-005	-6.568835e-006	-2.409114e-005	-4.523126e-005	-8.312429e-005
4.179999999999955e+000	6.602544e-006	-1.269309e-005	-6.602542e-006	-2.420750e-005	-4.544182e-005	-8.349356e-005
4.189999999999955e+000	6.636316e-006	-1.275607e-005	-6.636315e-006	-2.432403e-005	-4.565263e-005	-8.386319e-005
4.199999999999955e+000	6.670155e-006	-1.281917e-005	-6.670153e-006	-2.444075e-005	-4.586371e-005	-8.423316e-005
4.209999999999955e+000	6.704059e-006	-1.288237e-005	-6.704058e-006	-2.455763e-005	-4.607505e-005	-8.460348e-005
4.219999999999955e+000	6.738029e-006	-1.294569e-005	-6.738027e-006	-2.467469e-005	-4.628665e-005	-8.497413e-005
4.229999999999954e+000	6.772064e-006	-1.300911e-005	-6.772063e-006	-2.479193e-005	-4.649851e-005	-8.534513e-005
4.239999999999954e+000	6.806165e-006	-1.307264e-005	-6.806164e-006	-2.490933e-005	-4.671063e-005	-8.571647e-005
4.249999999999954e+000	6.840331e-006	-1.313627e-005	-6.840329e-006	-2.502691e-005	-4.692300e-005	-8.608814e-005
4.259999999999954e+000	6.874561e-006	-1.320002e-005	-6.874560e-006	-2.514466e-005	-4.713563e-005	-8.646014e-005
4.269999999999953e+000	6.908857e-006	-1.326387e-005	-6.908856e-006	-2.526258e-005	-4.734851e-005	-8.683247e-005
4.279999999999953e+000	6.943217e-006	-1.332782e-005	-6.943216e-006	-2.538067e-005	-4.756164e-005	-8.720513e-005
4.289999999999953e+000	6.977642e-006	-1.339189e-005	-6.977641e-006	-2.549893e-005	-4.777503e-005	-8.757812e-005
4.299999999999953e+000	7.012131e-006	-1.345605e-005	-7.012130e-006	-2.561736e-005	-4.798866e-005	-8.795143e-005
4.309999999999953e+000	7.046685e-006	-1.352033e-005	-7.046684e-006	-2.573596e-005	-4.820254e-005	-8.832506e-005
4.319999999999952e+000	7.081303e-006	-1.358470e-005	-7.081301e-006	-2.585472e-005	-4.841667e-005	-8.869902e-005
4.329999999999952e+000	7.115985e-006	-1.364919e-005	-7.115983e-006	-2.597366e-005	-4.863105e-005	-8.907328e-005
4.339999999999952e+000	7.150731e-006	-1.371378e-005	-7.150729e-006	-2.609275e-005	-4.884567e-005	-8.944787e-005
4.349999999999952e+000	7.185540e-006	-1.377847e-005	-7.185538e-006	-2.621202e-005	-4.906054e-005	-8.982277e-005
4.359999999999952e+000	7.220413e-006	-1.384326e-005	-7.220412e-006	-2.633145e-005	-4.927564e-005	-9.019797e-005
4.369999999999951e+000	7.255350e-006	-1.390816e-005	-7.255348e-006	-2.645104e-005	-4.949099e-005	-9.057349e-005
4.379999999999951e+000	7.290350e-006	-1.397317e-005	-7.290349e-006	-2.657080e-005	-4.970658e-005	-9.094932e-005
4.389999999999951e+000	7.325414e-006	-1.403827e-005	-7.325412e-006	-2.669072e-005	-4.992242e-005	-9.132544e-005
4.399999999999951e+000	7.360540e-006	-1.410348e-005	-7.360538e-006	-2.681081e-005	-5.013848e-005	-9.170188e-005
4.409999999999950e+000	7.395729e-006	-1.416879e-005	-7.395728e-006	-2.693105e-005	-5.035479e-005	-9.207861e-005
4.419999999999950e+000	7.430981e-006	-1.423421e-005	-7.430980e-006	-2.705146e-005	-5.057133e-005	-9.245564e-005
4.429999999999950e+000	7.466297e-006	-1.429972e-005	-7.466295e-006	-2.717203e-005	-5.078810e-005	-9.283297e-005
4.439999999999950e+000	7.501674e-006	-1.436534e-005	-7.501673e-006	-2.729276e-005	-5.100511e-005	-9.321059e-005
4.449999999999950e+000	7.537114e-006	-1.443106e-005	-7.537113e-006	-2.741365e-005	-5.122235e-005	-9.358850e-005
4.459999999999949e+000	7.572617e-006	-1.449688e-005	-7.572615e-006	-2.753469e-005	-5.143982e-005	-9.396671e-005
4.469999999999949e+000	7.608181e-006	-1.456280e-005	-7.608180e-006	-2.765590e-005	-5.165752e-005	-9.434520e-005
4.479999999999949e+000	7.643808e-006	-1.462882e-005	-7.643806e-006	-2.777727e-005	-5.187545e-005	-9.472398e-005
4.489999999999949e+000	7.679497e-006	-1.469494e-005	-7.679495e-006	-2.789879e-005	-5.209361e-005	-9.510305e-005
4.499999999999949e+000	7.715247e-006	-1.476116e-005	-7.715245e-006	-2.802047e-005	-5.231199e-005	-9.548239e-005
4.509999999999948e+000	7.751059e-006	-1.482748e-005	-7.751058e-006	-2.814230e-005	-5.253060e-005	-9.586201e-005
4.519999999999948e+000	7.786933e-006	-1.489390e-005	-7.786931e-006	-2.826429e-005	-5.274943e-005	-9.624192e-005
4.529999999999948e+000	7.822868e-006	-1.496041e-005	-7.822866e-006	-2.838643e-005	-5.296849e-005	-9.662210e-005
4.539999999999948e+000	7.858864e-006	-1.502703e-005	-7.858862e-006	-2.850873e-005	-5.318777e-005	-9.700256e-005
4.549999999999947e+000	7.894922e-006	-1.509375e-005	-7.894920e-006	-2.863119e-005	-5.340727e-005	-9.738329e-005
4.559999999999947e+000	7.931040e-006	-1.516056e-005	-7.931038e-006	-2.875379e-005	-5.362699e-005	-9.776428e-005
4.569999999999947e+000	7.967219e-006	-1.522747e-005	-7.967218e-006	-2.887655e-005	-5.384692e-005	-9.814555e-005
4.579999999999947e+000	8.003460e-006	-1.529448e-005	-8.003458e-006	-2.899946e-005	-5.406708e-005	-9.852708e-005
4.589999999999947e+000	8.039760e-006	-1.536159e-005	-8.039759e-006	-2.912253e-005	-5.428745e-005	-9.890888e-005
4.599999999999946e+000	8.076122e-006	-1.542879e-005	-8.076120e-006	-2.924574e-005	-5.450804e-005	-9.929094e-005
4.609999999999946e+000	8.112544e-006	-1.549609e-005	-8.112543e-006	-2.936910e-005	-5.472884e-005	-9.967326e-005
4.619999999999946e+000	8.149026e-006	-1.556348e-005	-8.149024e-006	-2.949262e-005	-5.494985e-005	-1.000558e-004
4.629999999999946e+000	8.185569e-006	-1.563098e-005	-8.185567e-006	-2.961628e-005	-5.517108e-005	-1.004387e-004
4.639999999999946e+000	8.222170e-006	-1.569856e-005	-8.222170e-006	-2.974009e-005	-5.539252e-005	-1.008218e-004
4.649999999999945e+000	8.258833e-006	-1.576625e-005	-8.258831e-006	-2.986405e-005	-5.561417e-005	-1.012051e-004
4.659999999999945e+000	8.295555e-006	-1.583403e-005	-8.295554e-006	-2.998816e-005	-5.583602e-005	-1.015887e-004
4.669999999999945e+000	8.332337e-006	-1.590190e-005	-8.332336e-006	-3.011241e-005	-5.605808e-005	-1.019726e-004
4.679999999999945e+000	8.369178e-006	-1.596987e-005	-8.369177e-006	-3.023681e-005	-5.628036e-005	-1.023567e-004
4.689999999999944e+000	8.406079e-006	-1.603793e-005	-8.406078e-006	-3.036136e-005	-5.650283e-005	-1.027410e-004
4.699999999999944e+000	8.443039e-006	-1.610609e-005	-8.443038e-006	-3.048605e-005	-5.672551e-005	-1.031256e-004
4.709999999999944e+000	8.480059e-006	-1.617434e-005	-8.480057e-006	-3.061088e-005	-5.694840e-005	-1.035104e-004
4.719999999999944e+000	8.517137e-006	-1.624269e-005	-8.517135e-006	-3.073586e-005	-5.717148e-005	-1.038955e-004
4.729999999999944e+000	8.554273e-006	-1.631113e-005	-8.554272e-006	-3.086099e-005	-5.739477e-005	-1.042808e-004
4.739999999999943e+000	8.591470e-006	-1.637966e-005	-8.591468e-006	-3.098625e-005	-5.761826e-005	-1.046664e-004
4.749999999999943e+000	8.628725e-006	-1.644828e-005	-8.628723e-006	-3.111166e-005	-5.784195e-005	-1.050521e-004
4.759999999999943e+000	8.666038e-006	-1.651700e-005	-8.666037e-006	-3.123721e-005	-5.806583e-005	-1.054381e-004
4.769999999999943e+000	8.703410e-006	-1.658581e-005	-8.703409e-006	-3.136290e-005	-5.828992e-005	-1.058244e-004
4.779999999999943e+000	8.740840e-006	-1.665471e-005	-8.740839e-006	-3.148874e-005	-5.851420e-005	-1.062109e-004
4.789999999999942e+000	8.778328e-006	-1.672371e-005	-8.778326e-006	-3.161471e-005	-5.873867e-005	-1.065976e-004
4.799999999999942e+000	8.815875e-006	-1.679279e-005	-8.815873e-006	-3.174082e-005	-5.896334e-005	-1.069845e-004
4.809999999999942e+000	8.853480e-006	-1.686197e-005	-8.853478e-006	-3.186708e-005	-5.918820e-005	-1.073716e-004
4.819999999999942e+000	8.891142e-006	-1.693124e-005	-8.891140e-006	-3.199347e-005	-5.941325e-005	-1.077590e-004
4.829999999999942e+000	8.928861e-006	-1.700059e-005	-8.928861e-006	-3.212000e-005	-5.963850e-005	-1.081466e-004
4.839999999999941e+000	8.966640e-006	-1.707004e-005	-8.966638e-006	-3.224666e-005	-5.986393e-005	-1.085344e-004
4.849999999999941e+000	9.004475e-006	-1.713958e-005	-9.004473e-006	-3.237346e-005	-6.008956e-005	-1.089225e-004
4.859999999999941e+000	9.042367e-006	-1.720921e-005	-9.042366e-006	-3.250040e-005	-6.031537e-005	-1.093107e-004
4.869999999999941e+000	9.080318e-006	-1.727893e-005	-9.080316e-006	-3.262748e-005	-6.054137e-005	-1.096992e-004
4.879999999999940e+000	9.118325e-006	-1.734874e-005	-9.118324e-006	-3.275469e-005	-6.076755e-005	-1.100879e-004
4.889999999999940e+000	9.156389e-006	-1.741863e-005	-9.156388e-006	-3.288204e-005	-6.099392e-005	-1.104768e-004
4.899999999999940e+000	9.194510e-006	-1.748862e-005	-9.194508e-006	-3.300951e-005	-6.122047e-005	-1.108659e-004
4.909999999999940e+000	9.232688e-006	-1.755869e-005	-9.232687e-006	-3.313713e-005	-6.144722e-005	-1.112552e-004
4.919999999999940e+000	9.270923e-006	-1.762886e-005	-9.270922e-006	-3.326487e-005	-6.167414e-005	-1.116447e-004
4.929999999999939e+000	9.309215e-006	-1.769911e-005	-9.309213e-006	-3.339276e-005	-6.190124e-005	-1.120344e-004
4.939999999999939e+000	9.347563e-006	-1.776945e-005	-9.347561e-006	-3.352077e-005	-6.212851e-005	-1.124243e-004
4.949999999999939e+000	9.385967e-006	-1.783987e-005	-9.385965e-006	-3.364891e-005	-6.235598e-005	-1.128144e-004
4.959999999999939e+000	9.424427e-006	-1.791039e-005	-9.424426e-006	-3.377719e-005	-6.258362e-005	-1.132047e-004
4.969999999999939e+000	9.462944e-006	-1.798099e-005	-9.462942e-006	-3.390560e-005	-6.281143e-005	-1.135953e-004
4.979999999999938e+000	9.501517e-006	-1.805168e-005	-9.501516e-006	-3.403413e-005	-6.303942e-005	-1.139860e-004
4.989999999999938e+000	9.540146e-006	-1.812245e-005	-9.540144e-006	-3.416280e-005	-6.326759e-005	-1.143769e-004
5.000000000000000e+000	9.578830e-006	-1.819331e-005	-9.578828e-006	-3.429159e-005	-6.349594e-005	-1.147680e-004
