v2
0.000000000000000e+000	0.000000e+000	7.676507e-012	7.683239e-012	7.685170e-012	7.687826e-012	7.698528e-012
1.000000000000000e-002	1.000000e-002	7.683099e-012	7.691600e-012	7.694376e-012	7.698397e-012	7.713323e-012
2.000000000000000e-002	2.000000e-002	7.690491e-012	7.701115e-012	7.705051e-012	7.711039e-012	7.731712e-012
3.000000000000000e-002	3.000000e-002	7.698727e-012	7.711875e-012	7.717384e-012	7.726166e-012	7.754593e-012
4.000000000000000e-002	4.000000e-002	7.707851e-012	7.723982e-012	7.731605e-012	7.744289e-012	7.783092e-012
5.000000000000000e-002	5.000000e-002	7.717909e-012	7.737549e-012	7.747990e-012	7.766047e-012	7.818626e-012
6.000000000000001e-002	6.000000e-002	7.728954e-012	7.752714e-012	7.766878e-012	7.792247e-012	7.862976e-012
7.000000000000001e-002	7.000000e-002	7.741050e-012	7.769648e-012	7.788705e-012	7.823907e-012	7.918385e-012
8.000000000000000e-002	8.000000e-002	7.754281e-012	7.788568e-012	7.814022e-012	7.862318e-012	7.987677e-012
9.000000000000000e-002	9.000000e-002	7.768754e-012	7.809762e-012	7.843541e-012	7.909120e-012	8.074415e-012
9.999999999999999e-002	1.000000e-001	7.784622e-012	7.833606e-012	7.878179e-012	7.966398e-012	8.183094e-012
1.100000000000000e-001	1.100000e-001	7.802082e-012	7.860598e-012	7.919118e-012	8.036803e-012	8.319390e-012
1.200000000000000e-001	1.200000e-001	7.821404e-012	7.891388e-012	7.967883e-012	8.123705e-012	8.490478e-012
1.300000000000000e-001	1.300000e-001	7.842949e-012	7.926833e-012	8.026433e-012	8.231383e-012	8.705434e-012
1.400000000000000e-001	1.400000e-001	7.867195e-012	7.968045e-012	8.097279e-012	8.365272e-012	8.975742e-012
1.500000000000000e-001	1.500000e-001	7.894769e-012	8.016471e-012	8.183639e-012	8.532273e-012	9.315955e-012
1.600000000000000e-001	1.600000e-001	7.926499e-012	8.073986e-012	8.289623e-012	8.741151e-012	9.744518e-012
1.700000000000000e-001	1.700000e-001	7.963461e-012	8.143002e-012	8.420480e-012	9.003034e-012	1.028483e-011
1.800000000000000e-001	1.800000e-001	8.007052e-012	8.226624e-012	8.582897e-012	9.332059e-012	1.096660e-011
1.900000000000000e-001	1.900000e-001	8.059083e-012	8.328834e-012	8.785393e-012	9.746186e-012	1.182756e-011
2.000000000000000e-001	2.000000e-001	8.121882e-012	8.454728e-012	9.038815e-012	1.026825e-011	1.291568e-011
2.100000000000001e-001	2.100000e-001	8.198442e-012	8.610814e-012	9.356967e-012	1.092728e-011	1.429201e-011
2.200000000000001e-001	2.200000e-001	8.292599e-012	8.805398e-012	9.757420e-012	1.176025e-011	1.603422e-011
2.300000000000001e-001	2.300000e-001	8.409258e-012	9.049069e-012	1.026254e-011	1.281419e-011	1.824128e-011
2.400000000000001e-001	2.400000e-001	8.554675e-012	9.355316e-012	1.090083e-011	1.414906e-011	2.103935e-011
2.500000000000001e-001	2.500000e-001	8.736834e-012	9.741332e-012	1.170859e-011	1.584128e-011	2.458931e-011
2.600000000000001e-001	2.600000e-001	8.965905e-012	1.022902e-011	1.273210e-011	1.798836e-011	2.909653e-011
2.700000000000001e-001	2.700000e-001	9.254849e-012	1.084632e-011	1.403041e-011	2.071473e-011	3.482325e-011
2.800000000000001e-001	2.800000e-001	9.620189e-012	1.162884e-011	1.567890e-011	2.417937e-011	4.210458e-011
2.900000000000001e-001	2.900000e-001	1.008299e-011	1.262207e-011	1.777385e-011	2.858540e-011	5.136900e-011
3.000000000000001e-001	3.000000e-001	1.067015e-011	1.388407e-011	2.043831e-011	3.419261e-011	6.316465e-011
3.100000000000001e-001	3.100000e-001	1.141598e-011	1.548909e-011	2.382965e-011	4.133339e-011	7.819316e-011
3.200000000000001e-001	3.200000e-001	1.236435e-011	1.753202e-011	2.814924e-011	5.043323e-011	9.735311e-011
3.300000000000001e-001	3.300000e-001	1.357135e-011	2.013434e-011	3.365488e-011	6.203715e-011	1.217959e-010
3.400000000000001e-001	3.400000e-001	1.510873e-011	2.345153e-011	4.067681e-011	7.684352e-011	1.529974e-010
3.500000000000001e-001	3.500000e-001	1.706832e-011	2.768278e-011	4.963819e-011	9.574772e-011	1.928505e-010
3.600000000000002e-001	3.600000e-001	1.956773e-011	3.308329e-011	6.108156e-011	1.198980e-010	2.437837e-010
3.700000000000002e-001	3.700000e-001	2.275762e-011	3.998024e-011	7.570269e-011	1.507675e-010	3.089133e-010
3.800000000000002e-001	3.800000e-001	2.683107e-011	4.879317e-011	9.439414e-011	1.902469e-010	3.922398e-010
3.900000000000002e-001	3.900000e-001	3.203557e-011	6.006011e-011	1.183011e-010	2.407624e-010	4.988989e-010
4.000000000000002e-001	4.000000e-001	3.868837e-011	7.447123e-011	1.488931e-010	3.054287e-010	6.354839e-010
4.100000000000002e-001	4.100000e-001	4.719616e-011	9.291173e-011	1.880555e-010	3.882430e-010	8.104581e-010
4.200000000000002e-001	4.200000e-001	5.808019e-011	1.165168e-010	2.382074e-010	4.943346e-010	1.034682e-009
4.300000000000002e-001	4.300000e-001	7.200821e-011	1.467414e-010	3.024500e-010	6.302815e-010	1.322082e-009
4.400000000000002e-001	4.400000e-001	8.983514e-011	1.854495e-010	3.847573e-010	8.045132e-010	1.690502e-009
4.500000000000002e-001	4.500000e-001	1.126544e-010	2.350260e-010	4.902158e-010	1.027819e-009	2.162776e-009
4.600000000000002e-001	4.600000e-001	1.418623e-010	2.985181e-010	6.253258e-010	1.313989e-009	2.768065e-009
4.700000000000003e-001	4.700000e-001	1.792387e-010	3.798117e-010	7.983775e-010	1.680602e-009	3.543523e-009
4.800000000000003e-001	4.800000e-001	2.270461e-010	4.838481e-010	1.019914e-009	2.150012e-009	4.536331e-009
4.900000000000003e-001	4.900000e-001	2.881504e-010	6.168893e-010	1.303295e-009	2.750524e-009	5.806151e-009
5.000000000000002e-001	5.000000e-001	3.661657e-010	7.868338e-010	1.665369e-009	3.517808e-009	7.428010e-009
5.100000000000002e-001	5.100000e-001	4.656232e-010	1.003586e-009	2.127258e-009	4.496523e-009	9.495613e-009
5.200000000000002e-001	5.200000e-001	5.921632e-010	1.279477e-009	2.715236e-009	5.742143e-009	1.212498e-008
5.300000000000003e-001	5.300000e-001	7.527431e-010	1.629713e-009	3.461688e-009	7.322889e-009	1.545823e-008
5.400000000000003e-001	5.400000e-001	9.558524e-010	2.072847e-009	4.406065e-009	9.321648e-009	1.966725e-008
5.500000000000003e-001	5.500000e-001	1.211715e-009	2.631205e-009	5.595771e-009	1.183768e-008	2.495678e-008
5.600000000000003e-001	5.600000e-001	1.532454e-009	3.331244e-009	7.086846e-009	1.498782e-008	3.156639e-008
5.700000000000003e-001	5.700000e-001	1.932199e-009	4.203751e-009	8.944318e-009	1.890698e-008	3.977091e-008
5.800000000000003e-001	5.800000e-001	2.427095e-009	5.283840e-009	1.124207e-008	2.374752e-008	4.987874e-008
5.900000000000003e-001	5.900000e-001	3.035205e-009	6.610696e-009	1.406218e-008	2.967754e-008	6.222796e-008
6.000000000000003e-001	6.000000e-001	3.776294e-009	8.227044e-009	1.749361e-008	3.687793e-008	7.718027e-008
6.100000000000003e-001	6.100000e-001	4.671507e-009	1.017838e-008	2.163046e-008	4.553855e-008	9.511344e-008
6.200000000000003e-001	6.200000e-001	5.742967e-009	1.251204e-008	2.656984e-008	5.585381e-008	1.164128e-007
6.300000000000003e-001	6.300000e-001	7.013337e-009	1.527613e-008	3.240964e-008	6.801824e-008	1.414628e-007
6.400000000000004e-001	6.400000e-001	8.505376e-009	1.851859e-008	3.924639e-008	8.222241e-008	1.706396e-007
6.500000000000004e-001	6.500000e-001	1.024155e-008	2.228618e-008	4.717343e-008	9.864960e-008	2.043043e-007
6.600000000000004e-001	6.600000e-001	1.224367e-008	2.662382e-008	5.627944e-008	1.174733e-007	2.427990e-007
6.700000000000004e-001	6.700000e-001	1.453265e-008	3.157396e-008	6.664754e-008	1.388555e-007	2.864427e-007
6.800000000000004e-001	6.800000e-001	1.712831e-008	3.717625e-008	7.835464e-008	1.629462e-007	3.355304e-007
6.900000000000004e-001	6.900000e-001	2.004923e-008	4.346730e-008	9.147131e-008	1.898824e-007	3.903321e-007
7.000000000000004e-001	7.000000e-001	2.331269e-008	5.048063e-008	1.060618e-007	2.197894e-007	4.510931e-007
7.100000000000004e-001	7.100000e-001	2.693468e-008	5.824676e-008	1.221843e-007	2.527803e-007	5.180351e-007
7.200000000000004e-001	7.200000e-001	3.092989e-008	6.679328e-008	1.398913e-007	2.889573e-007	5.913573e-007
7.300000000000004e-001	7.300000e-001	3.531173e-008	7.614507e-008	1.592301e-007	3.284123e-007	6.712382e-007
7.400000000000004e-001	7.400000e-001	4.009244e-008	8.632453e-008	1.802431e-007	3.712278e-007	7.578367e-007
7.500000000000004e-001	7.500000e-001	4.528313e-008	9.735172e-008	2.029684e-007	4.174776e-007	8.512941e-007
7.600000000000005e-001	7.600000e-001	5.089389e-008	1.092447e-007	2.274401e-007	4.672275e-007	9.517358e-007
7.700000000000005e-001	7.700000e-001	5.693381e-008	1.220195e-007	2.536889e-007	5.205364e-007	1.059272e-006
7.800000000000005e-001	7.800000e-001	6.341111e-008	1.356907e-007	2.817420e-007	5.774565e-007	1.174001e-006
7.900000000000005e-001	7.900000e-001	7.033322e-008	1.502712e-007	3.116240e-007	6.380345e-007	1.296006e-006
8.000000000000005e-001	8.000000e-001	7.770683e-008	1.657727e-007	3.433568e-007	7.023115e-007	1.425364e-006
8.100000000000005e-001	8.100000e-001	8.553795e-008	1.822055e-007	3.769599e-007	7.703238e-007	1.562137e-006
8.200000000000005e-001	8.200000e-001	9.383201e-008	1.995791e-007	4.124507e-007	8.421035e-007	1.706381e-006
8.300000000000005e-001	8.300000e-001	1.025939e-007	2.179017e-007	4.498447e-007	9.176787e-007	1.858145e-006
8.400000000000005e-001	8.400000e-001	1.118279e-007	2.371808e-007	4.891559e-007	9.970742e-007	2.017468e-006
8.500000000000005e-001	8.500000e-001	1.215382e-007	2.574233e-007	5.303962e-007	1.080311e-006	2.184383e-006
8.600000000000005e-001	8.600000e-001	1.317281e-007	2.786349e-007	5.735766e-007	1.167408e-006	2.358918e-006
8.700000000000006e-001	8.700000e-001	1.424008e-007	3.008211e-007	6.187064e-007	1.258380e-006	2.541094e-006
8.800000000000006e-001	8.800000e-001	1.535594e-007	3.239867e-007	6.657941e-007	1.353241e-006	2.730930e-006
8.900000000000006e-001	8.900000e-001	1.652062e-007	3.481358e-007	7.148466e-007	1.452002e-006	2.928436e-006
9.000000000000006e-001	9.000000e-001	1.773436e-007	3.732723e-007	7.658705e-007	1.554671e-006	3.133621e-006
9.100000000000006e-001	9.100000e-001	1.899736e-007	3.993993e-007	8.188708e-007	1.661257e-006	3.346489e-006
9.200000000000006e-001	9.200000e-001	2.030981e-007	4.265197e-007	8.738521e-007	1.771764e-006	3.567042e-006
9.300000000000006e-001	9.300000e-001	2.167187e-007	4.546361e-007	9.308181e-007	1.886197e-006	3.795277e-006
9.400000000000006e-001	9.400000e-001	2.308368e-007	4.837507e-007	9.897719e-007	2.004557e-006	4.031188e-006
9.500000000000006e-001	9.500000e-001	2.454537e-007	5.138652e-007	1.050716e-006	2.126846e-006	4.274768e-006
9.600000000000006e-001	9.600000e-001	2.605707e-007	5.449812e-007	1.113651e-006	2.253063e-006	4.526007e-006
9.700000000000006e-001	9.700000e-001	2.761884e-007	5.771001e-007	1.178580e-006	2.383209e-006	4.784893e-006
9.800000000000007e-001	9.800000e-001	2.923080e-007	6.102228e-007	1.245503e-006	2.517279e-006	5.051410e-006
9.900000000000007e-001	9.900000e-001	3.089301e-007	6.443502e-007	1.314420e-006	2.655271e-006	5.325542e-006
1.000000000000001e+000	1.000000e+000	3.260554e-007	6.794829e-007	1.385331e-006	2.797181e-006	5.607272e-006
1.010000000000001e+000	1.010000e+000	3.436843e-007	7.156212e-007	1.458234e-006	2.943004e-006	5.896580e-006
1.020000000000001e+000	1.020000e+000	3.618172e-007	7.527655e-007	1.533131e-006	3.092735e-006	6.193446e-006
1.030000000000001e+000	1.030000e+000	3.804547e-007	7.909157e-007	1.610018e-006	3.246366e-006	6.497846e-006
1.040000000000001e+000	1.040000e+000	3.995968e-007	8.300718e-007	1.688895e-006	3.403891e-006	6.809758e-006
1.050000000000001e+000	1.050000e+000	4.192438e-007	8.702334e-007	1.769760e-006	3.565302e-006	7.129159e-006
1.060000000000001e+000	1.060000e+000	4.393959e-007	9.114003e-007	1.852609e-006	3.730592e-006	7.456022e-006
1.070000000000001e+000	1.070000e+000	4.600530e-007	9.535719e-007	1.937442e-006	3.899750e-006	7.790322e-006
1.080000000000001e+000	1.080000e+000	4.812152e-007	9.967475e-007	2.024255e-006	4.072770e-006	8.132032e-006
1.090000000000001e+000	1.090000e+000	5.028825e-007	1.040926e-006	2.113045e-006	4.249639e-006	8.481125e-006
1.100000000000001e+000	1.100000e+000	5.250547e-007	1.086108e-006	2.203809e-006	4.430350e-006	8.837575e-006
1.110000000000001e+000	1.110000e+000	5.477316e-007	1.132291e-006	2.296544e-006	4.614891e-006	9.201351e-006
1.120000000000001e+000	1.120000e+000	5.709132e-007	1.179475e-006	2.391247e-006	4.803251e-006	9.572425e-006
1.130000000000001e+000	1.130000e+000	5.945990e-007	1.227657e-006	2.487913e-006	4.995420e-006	9.950770e-006
1.140000000000001e+000	1.140000e+000	6.187890e-007	1.276839e-006	2.586538e-006	5.191386e-006	1.033635e-005
1.150000000000001e+000	1.150000e+000	6.434827e-007	1.327017e-006	2.687120e-006	5.391138e-006	1.072915e-005
1.160000000000001e+000	1.160000e+000	6.686798e-007	1.378190e-006	2.789653e-006	5.594664e-006	1.112912e-005
1.170000000000001e+000	1.170000e+000	6.943799e-007	1.430358e-006	2.894133e-006	5.801952e-006	1.153625e-005
1.180000000000001e+000	1.180000e+000	7.205826e-007	1.483519e-006	3.000557e-006	6.012989e-006	1.195050e-005
1.190000000000001e+000	1.190000e+000	7.472874e-007	1.537670e-006	3.108919e-006	6.227764e-006	1.237184e-005
1.200000000000001e+000	1.200000e+000	7.744940e-007	1.592812e-006	3.219214e-006	6.446263e-006	1.280023e-005
1.210000000000001e+000	1.210000e+000	8.022017e-007	1.648941e-006	3.331439e-006	6.668474e-006	1.323566e-005
1.220000000000001e+000	1.220000e+000	8.304100e-007	1.706056e-006	3.445589e-006	6.894385e-006	1.367808e-005
1.230000000000001e+000	1.230000e+000	8.591186e-007	1.764156e-006	3.561657e-006	7.123982e-006	1.412747e-005
1.240000000000001e+000	1.240000e+000	8.883266e-007	1.823239e-006	3.679640e-006	7.357251e-006	1.458380e-005
1.250000000000001e+000	1.250000e+000	9.180337e-007	1.883303e-006	3.799532e-006	7.594181e-006	1.504704e-005
1.260000000000001e+000	1.260000e+000	9.482391e-007	1.944346e-006	3.921329e-006	7.834757e-006	1.551715e-005
1.270000000000001e+000	1.270000e+000	9.789422e-007	2.006366e-006	4.045024e-006	8.078966e-006	1.599410e-005
1.280000000000001e+000	1.280000e+000	1.010142e-006	2.069361e-006	4.170613e-006	8.326796e-006	1.647787e-005
1.290000000000001e+000	1.290000e+000	1.041839e-006	2.133329e-006	4.298090e-006	8.578232e-006	1.696842e-005
1.300000000000001e+000	1.300000e+000	1.074032e-006	2.198269e-006	4.427451e-006	8.833261e-006	1.746573e-005
1.310000000000001e+000	1.310000e+000	1.106719e-006	2.264178e-006	4.558688e-006	9.091870e-006	1.796975e-005
1.320000000000001e+000	1.320000e+000	1.139901e-006	2.331054e-006	4.691798e-006	9.354045e-006	1.848047e-005
1.330000000000001e+000	1.330000e+000	1.173577e-006	2.398895e-006	4.826774e-006	9.619773e-006	1.899784e-005
1.340000000000001e+000	1.340000e+000	1.207745e-006	2.467699e-006	4.963611e-006	9.889040e-006	1.952184e-005
1.350000000000001e+000	1.350000e+000	1.242406e-006	2.537464e-006	5.102303e-006	1.016183e-005	2.005244e-005
1.360000000000001e+000	1.360000e+000	1.277558e-006	2.608188e-006	5.242845e-006	1.043814e-005	2.058961e-005
1.370000000000001e+000	1.370000e+000	1.313200e-006	2.679868e-006	5.385230e-006	1.071794e-005	2.113331e-005
1.380000000000001e+000	1.380000e+000	1.349333e-006	2.752502e-006	5.529454e-006	1.100123e-005	2.168352e-005
1.390000000000001e+000	1.390000e+000	1.385955e-006	2.826088e-006	5.675510e-006	1.128799e-005	2.224020e-005
1.400000000000001e+000	1.400000e+000	1.423065e-006	2.900625e-006	5.823393e-006	1.157820e-005	2.280332e-005
1.410000000000001e+000	1.410000e+000	1.460662e-006	2.976108e-006	5.973096e-006	1.187187e-005	2.337286e-005
1.420000000000001e+000	1.420000e+000	1.498746e-006	3.052537e-006	6.124615e-006	1.216896e-005	2.394878e-005
1.430000000000001e+000	1.430000e+000	1.537316e-006	3.129909e-006	6.277943e-006	1.246947e-005	2.453105e-005
1.440000000000001e+000	1.440000e+000	1.576371e-006	3.208222e-006	6.433074e-006	1.277338e-005	2.511964e-005
1.450000000000001e+000	1.450000e+000	1.615910e-006	3.287473e-006	6.590003e-006	1.308069e-005	2.571452e-005
1.460000000000001e+000	1.460000e+000	1.655932e-006	3.367660e-006	6.748723e-006	1.339137e-005	2.631566e-005
1.470000000000001e+000	1.470000e+000	1.696437e-006	3.448780e-006	6.909229e-006	1.370542e-005	2.692303e-005
1.480000000000001e+000	1.480000e+000	1.737424e-006	3.530832e-006	7.071516e-006	1.402282e-005	2.753660e-005
1.490000000000001e+000	1.490000e+000	1.778891e-006	3.613813e-006	7.235577e-006	1.434356e-005	2.815633e-005
1.500000000000001e+000	1.500000e+000	1.820838e-006	3.697720e-006	7.401405e-006	1.466762e-005	2.878221e-005
1.510000000000001e+000	1.510000e+000	1.863264e-006	3.782552e-006	7.568996e-006	1.499499e-005	2.941419e-005
1.520000000000001e+000	1.520000e+000	1.906168e-006	3.868305e-006	7.738344e-006	1.532566e-005	3.005225e-005
1.530000000000001e+000	1.530000e+000	1.949549e-006	3.954978e-006	7.909443e-006	1.565962e-005	3.069635e-005
1.540000000000001e+000	1.540000e+000	1.993407e-006	4.042567e-006	8.082287e-006	1.599685e-005	3.134647e-005
1.550000000000001e+000	1.550000e+000	2.037740e-006	4.131071e-006	8.256869e-006	1.633734e-005	3.200258e-005
1.560000000000001e+000	1.560000e+000	2.082547e-006	4.220487e-006	8.433185e-006	1.668107e-005	3.266465e-005
1.570000000000001e+000	1.570000e+000	2.127828e-006	4.310813e-006	8.611228e-006	1.702804e-005	3.333264e-005
1.580000000000001e+000	1.580000e+000	2.173582e-006	4.402045e-006	8.790993e-006	1.737823e-005	3.400653e-005
1.590000000000001e+000	1.590000e+000	2.219808e-006	4.494183e-006	8.972474e-006	1.773162e-005	3.468629e-005
1.600000000000001e+000	1.600000e+000	2.266504e-006	4.587223e-006	9.155664e-006	1.808821e-005	3.537189e-005
1.610000000000001e+000	1.610000e+000	2.313670e-006	4.681163e-006	9.340560e-006	1.844798e-005	3.606329e-005
1.620000000000001e+000	1.620000e+000	2.361306e-006	4.776000e-006	9.527153e-006	1.881092e-005	3.676047e-005
1.630000000000001e+000	1.630000e+000	2.409409e-006	4.871732e-006	9.715440e-006	1.917702e-005	3.746340e-005
1.640000000000001e+000	1.640000e+000	2.457980e-006	4.968358e-006	9.905414e-006	1.954626e-005	3.817205e-005
1.650000000000001e+000	1.650000e+000	2.507016e-006	5.065872e-006	1.009707e-005	1.991863e-005	3.888638e-005
1.660000000000001e+000	1.660000e+000	2.556519e-006	5.164275e-006	1.029040e-005	2.029412e-005	3.960638e-005
1.670000000000001e+000	1.670000e+000	2.606485e-006	5.263563e-006	1.048540e-005	2.067272e-005	4.033202e-005
1.680000000000001e+000	1.680000e+000	2.656915e-006	5.363734e-006	1.068207e-005	2.105441e-005	4.106325e-005
1.690000000000001e+000	1.690000e+000	2.707807e-006	5.464784e-006	1.088039e-005	2.143918e-005	4.180006e-005
1.700000000000001e+000	1.700000e+000	2.759161e-006	5.566713e-006	1.108037e-005	2.182702e-005	4.254241e-005
1.710000000000001e+000	1.710000e+000	2.810976e-006	5.669518e-006	1.128200e-005	2.221791e-005	4.329028e-005
1.720000000000001e+000	1.720000e+000	2.863250e-006	5.773195e-006	1.148526e-005	2.261185e-005	4.404363e-005
1.730000000000001e+000	1.730000e+000	2.915982e-006	5.877742e-006	1.169017e-005	2.300882e-005	4.480245e-005
1.740000000000001e+000	1.740000e+000	2.969173e-006	5.983158e-006	1.189671e-005	2.340881e-005	4.556669e-005
1.750000000000001e+000	1.750000e+000	3.022820e-006	6.089440e-006	1.210487e-005	2.381180e-005	4.633634e-005
1.760000000000001e+000	1.760000e+000	3.076924e-006	6.196585e-006	1.231465e-005	2.421779e-005	4.711136e-005
1.770000000000001e+000	1.770000e+000	3.131482e-006	6.304590e-006	1.252604e-005	2.462676e-005	4.789172e-005
1.780000000000001e+000	1.780000e+000	3.186494e-006	6.413455e-006	1.273905e-005	2.503871e-005	4.867741e-005
1.790000000000001e+000	1.790000e+000	3.241959e-006	6.523175e-006	1.295366e-005	2.545360e-005	4.946838e-005
1.800000000000001e+000	1.800000e+000	3.297877e-006	6.633748e-006	1.316987e-005	2.587145e-005	5.026461e-005
1.810000000000001e+000	1.810000e+000	3.354245e-006	6.745174e-006	1.338767e-005	2.629223e-005	5.106608e-005
1.820000000000001e+000	1.820000e+000	3.411064e-006	6.857448e-006	1.360706e-005	2.671593e-005	5.187275e-005
1.830000000000001e+000	1.830000e+000	3.468332e-006	6.970568e-006	1.382803e-005	2.714254e-005	5.268461e-005
1.840000000000001e+000	1.840000e+000	3.526048e-006	7.084532e-006	1.405058e-005	2.757205e-005	5.350161e-005
1.850000000000001e+000	1.850000e+000	3.584212e-006	7.199338e-006	1.427470e-005	2.800444e-005	5.432374e-005
1.860000000000001e+000	1.860000e+000	3.642822e-006	7.314984e-006	1.450039e-005	2.843971e-005	5.515096e-005
1.870000000000001e+000	1.870000e+000	3.701877e-006	7.431466e-006	1.472764e-005	2.887784e-005	5.598325e-005
1.880000000000001e+000	1.880000e+000	3.761377e-006	7.548783e-006	1.495645e-005	2.931882e-005	5.682059e-005
1.890000000000002e+000	1.890000e+000	3.821321e-006	7.666932e-006	1.518681e-005	2.976264e-005	5.766294e-005
1.900000000000002e+000	1.900000e+000	3.881707e-006	7.785912e-006	1.541871e-005	3.020929e-005	5.851028e-005
1.910000000000002e+000	1.910000e+000	3.942535e-006	7.905719e-006	1.565215e-005	3.065875e-005	5.936258e-005
1.920000000000002e+000	1.920000e+000	4.003803e-006	8.026351e-006	1.588714e-005	3.111102e-005	6.021982e-005
1.930000000000002e+000	1.930000e+000	4.065512e-006	8.147806e-006	1.612365e-005	3.156607e-005	6.108197e-005
1.940000000000002e+000	1.940000e+000	4.127659e-006	8.270082e-006	1.636168e-005	3.202391e-005	6.194900e-005
1.950000000000002e+000	1.950000e+000	4.190244e-006	8.393176e-006	1.660124e-005	3.248452e-005	6.282089e-005
1.960000000000002e+000	1.960000e+000	4.253267e-006	8.517086e-006	1.684231e-005	3.294788e-005	6.369761e-005
1.970000000000002e+000	1.970000e+000	4.316725e-006	8.641810e-006	1.708489e-005	3.341399e-005	6.457914e-005
1.980000000000002e+000	1.980000e+000	4.380619e-006	8.767346e-006	1.732898e-005	3.388284e-005	6.546544e-005
1.990000000000002e+000	1.990000e+000	4.444947e-006	8.893691e-006	1.757457e-005	3.435441e-005	6.635650e-005
2.000000000000001e+000	2.000000e+000	4.509708e-006	9.020843e-006	1.782165e-005	3.482869e-005	6.725229e-005
2.010000000000001e+000	2.010000e+000	4.574901e-006	9.148800e-006	1.807022e-005	3.530567e-005	6.815277e-005
2.020000000000001e+000	2.020000e+000	4.640525e-006	9.277559e-006	1.832028e-005	3.578535e-005	6.905794e-005
2.030000000000001e+000	2.030000e+000	4.706581e-006	9.407118e-006	1.857183e-005	3.626770e-005	6.996776e-005
2.040000000000001e+000	2.040000e+000	4.773065e-006	9.537476e-006	1.882484e-005	3.675271e-005	7.088220e-005
2.050000000000000e+000	2.050000e+000	4.839979e-006	9.668630e-006	1.907933e-005	3.724039e-005	7.180125e-005
2.060000000000000e+000	2.060000e+000	4.907320e-006	9.800578e-006	1.933528e-005	3.773071e-005	7.272488e-005
2.070000000000000e+000	2.070000e+000	4.975088e-006	9.933317e-006	1.959269e-005	3.822366e-005	7.365305e-005
2.080000000000000e+000	2.080000e+000	5.043282e-006	1.006684e-005	1.985156e-005	3.871924e-005	7.458575e-005
2.089999999999999e+000	2.090000e+000	5.111900e-006	1.020116e-005	2.011188e-005	3.921743e-005	7.552296e-005
2.099999999999999e+000	2.100000e+000	5.180943e-006	1.033626e-005	2.037365e-005	3.971822e-005	7.646465e-005
2.109999999999999e+000	2.110000e+000	5.250409e-006	1.047214e-005	2.063686e-005	4.022160e-005	7.741079e-005
2.119999999999999e+000	2.120000e+000	5.320297e-006	1.060881e-005	2.090151e-005	4.072755e-005	7.836136e-005
2.129999999999999e+000	2.130000e+000	5.390606e-006	1.074625e-005	2.116759e-005	4.123608e-005	7.931633e-005
2.139999999999998e+000	2.140000e+000	5.461337e-006	1.088447e-005	2.143510e-005	4.174717e-005	8.027569e-005
2.149999999999998e+000	2.150000e+000	5.532486e-006	1.102346e-005	2.170403e-005	4.226080e-005	8.123941e-005
2.159999999999998e+000	2.160000e+000	5.604054e-006	1.116323e-005	2.197438e-005	4.277697e-005	8.220747e-005
2.169999999999998e+000	2.170000e+000	5.676039e-006	1.130376e-005	2.224614e-005	4.329567e-005	8.317982e-005
2.179999999999998e+000	2.180000e+000	5.748442e-006	1.144507e-005	2.251931e-005	4.381688e-005	8.415648e-005
2.189999999999997e+000	2.190000e+000	5.821260e-006	1.158713e-005	2.279388e-005	4.434060e-005	8.513739e-005
2.199999999999997e+000	2.200000e+000	5.894493e-006	1.172997e-005	2.306986e-005	4.486681e-005	8.612255e-005
2.209999999999997e+000	2.210000e+000	5.968141e-006	1.187356e-005	2.334723e-005	4.539550e-005	8.711193e-005
2.219999999999997e+000	2.220000e+000	6.042202e-006	1.201792e-005	2.362599e-005	4.592667e-005	8.810549e-005
2.229999999999996e+000	2.230000e+000	6.116675e-006	1.216303e-005	2.390614e-005	4.646030e-005	8.910323e-005
2.239999999999996e+000	2.240000e+000	6.191559e-006	1.230890e-005	2.418766e-005	4.699638e-005	9.010512e-005
2.249999999999996e+000	2.250000e+000	6.266854e-006	1.245552e-005	2.447057e-005	4.753490e-005	9.111114e-005
2.259999999999996e+000	2.260000e+000	6.342559e-006	1.260289e-005	2.475485e-005	4.807586e-005	9.212126e-005
2.269999999999996e+000	2.270000e+000	6.418672e-006	1.275101e-005	2.504049e-005	4.861924e-005	9.313547e-005
2.279999999999995e+000	2.280000e+000	6.495194e-006	1.289988e-005	2.532750e-005	4.916503e-005	9.415373e-005
2.289999999999995e+000	2.290000e+000	6.572123e-006	1.304950e-005	2.561587e-005	4.971322e-005	9.517603e-005
2.299999999999995e+000	2.300000e+000	6.649458e-006	1.319986e-005	2.590559e-005	5.026381e-005	9.620235e-005
2.309999999999995e+000	2.310000e+000	6.727198e-006	1.335096e-005	2.619666e-005	5.081677e-005	9.723265e-005
2.319999999999995e+000	2.320000e+000	6.805342e-006	1.350280e-005	2.648907e-005	5.137211e-005	9.826693e-005
2.329999999999994e+000	2.330000e+000	6.883890e-006	1.365538e-005	2.678283e-005	5.192980e-005	9.930516e-005
2.339999999999994e+000	2.340000e+000	6.962841e-006	1.380869e-005	2.707792e-005	5.248985e-005	1.003473e-004
2.349999999999994e+000	2.350000e+000	7.042194e-006	1.396274e-005	2.737435e-005	5.305224e-005	1.013934e-004
2.359999999999994e+000	2.360000e+000	7.121948e-006	1.411751e-005	2.767210e-005	5.361696e-005	1.024433e-004
2.369999999999993e+000	2.370000e+000	7.202102e-006	1.427302e-005	2.797118e-005	5.418400e-005	1.034971e-004
2.379999999999993e+000	2.380000e+000	7.282656e-006	1.442926e-005	2.827157e-005	5.475336e-005	1.045548e-004
2.389999999999993e+000	2.390000e+000	7.363607e-006	1.458622e-005	2.857328e-005	5.532501e-005	1.056163e-004
2.399999999999993e+000	2.400000e+000	7.444957e-006	1.474390e-005	2.887630e-005	5.589896e-005	1.066815e-004
2.409999999999993e+000	2.410000e+000	7.526703e-006	1.490231e-005	2.918063e-005	5.647519e-005	1.077506e-004
2.419999999999992e+000	2.420000e+000	7.608845e-006	1.506144e-005	2.948626e-005	5.705369e-005	1.088234e-004
2.429999999999992e+000	2.430000e+000	7.691382e-006	1.522129e-005	2.979318e-005	5.763446e-005	1.098999e-004
2.439999999999992e+000	2.440000e+000	7.774313e-006	1.538185e-005	3.010140e-005	5.821748e-005	1.109802e-004
2.449999999999992e+000	2.450000e+000	7.857639e-006	1.554312e-005	3.041091e-005	5.880275e-005	1.120642e-004
2.459999999999992e+000	2.460000e+000	7.941356e-006	1.570511e-005	3.072170e-005	5.939024e-005	1.131518e-004
2.469999999999991e+000	2.470000e+000	8.025465e-006	1.586781e-005	3.103377e-005	5.997997e-005	1.142431e-004
2.479999999999991e+000	2.480000e+000	8.109965e-006	1.603122e-005	3.134712e-005	6.057191e-005	1.153380e-004
2.489999999999991e+000	2.490000e+000	8.194856e-006	1.619534e-005	3.166174e-005	6.116605e-005	1.164365e-004
2.499999999999991e+000	2.500000e+000	8.280135e-006	1.636016e-005	3.197763e-005	6.176240e-005	1.175387e-004
2.509999999999991e+000	2.510000e+000	8.365803e-006	1.652568e-005	3.229478e-005	6.236092e-005	1.186444e-004
2.519999999999990e+000	2.520000e+000	8.451859e-006	1.669190e-005	3.261319e-005	6.296163e-005	1.197536e-004
2.529999999999990e+000	2.530000e+000	8.538302e-006	1.685883e-005	3.293285e-005	6.356451e-005	1.208665e-004
2.539999999999990e+000	2.540000e+000	8.625130e-006	1.702645e-005	3.325377e-005	6.416954e-005	1.219828e-004
2.549999999999990e+000	2.550000e+000	8.712344e-006	1.719477e-005	3.357593e-005	6.477674e-005	1.231026e-004
2.559999999999989e+000	2.560000e+000	8.799941e-006	1.736378e-005	3.389934e-005	6.538606e-005	1.242259e-004
2.569999999999989e+000	2.570000e+000	8.887923e-006	1.753348e-005	3.422398e-005	6.599753e-005	1.253526e-004
2.579999999999989e+000	2.580000e+000	8.976288e-006	1.770387e-005	3.454986e-005	6.661111e-005	1.264828e-004
2.589999999999989e+000	2.590000e+000	9.065034e-006	1.787496e-005	3.487697e-005	6.722681e-005	1.276164e-004
2.599999999999989e+000	2.600000e+000	9.154161e-006	1.804673e-005	3.520530e-005	6.784461e-005	1.287534e-004
2.609999999999988e+000	2.610000e+000	9.243669e-006	1.821918e-005	3.553486e-005	6.846451e-005	1.298938e-004
2.619999999999988e+000	2.620000e+000	9.333558e-006	1.839232e-005	3.586564e-005	6.908650e-005	1.310376e-004
2.629999999999988e+000	2.630000e+000	9.423824e-006	1.856614e-005	3.619763e-005	6.971056e-005	1.321847e-004
2.639999999999988e+000	2.640000e+000	9.514468e-006	1.874063e-005	3.653083e-005	7.033670e-005	1.333351e-004
2.649999999999988e+000	2.650000e+000	9.605489e-006	1.891581e-005	3.686523e-005	7.096490e-005	1.344888e-004
2.659999999999987e+000	2.660000e+000	9.696887e-006	1.909166e-005	3.720084e-005	7.159514e-005	1.356458e-004
2.669999999999987e+000	2.670000e+000	9.788661e-006	1.926819e-005	3.753764e-005	7.222743e-005	1.368061e-004
2.679999999999987e+000	2.680000e+000	9.880810e-006	1.944538e-005	3.787564e-005	7.286176e-005	1.379697e-004
2.689999999999987e+000	2.690000e+000	9.973332e-006	1.962325e-005	3.821484e-005	7.349811e-005	1.391364e-004
2.699999999999986e+000	2.700000e+000	1.006623e-005	1.980179e-005	3.855521e-005	7.413647e-005	1.403064e-004
2.709999999999986e+000	2.710000e+000	1.015950e-005	1.998099e-005	3.889677e-005	7.477685e-005	1.414796e-004
2.719999999999986e+000	2.720000e+000	1.025314e-005	2.016086e-005	3.923950e-005	7.541922e-005	1.426560e-004
2.729999999999986e+000	2.730000e+000	1.034715e-005	2.034140e-005	3.958342e-005	7.606359e-005	1.438355e-004
2.739999999999986e+000	2.740000e+000	1.044153e-005	2.052259e-005	3.992850e-005	7.670994e-005	1.450182e-004
2.749999999999985e+000	2.750000e+000	1.053628e-005	2.070445e-005	4.027475e-005	7.735826e-005	1.462040e-004
2.759999999999985e+000	2.760000e+000	1.063140e-005	2.088696e-005	4.062216e-005	7.800855e-005	1.473929e-004
2.769999999999985e+000	2.770000e+000	1.072689e-005	2.107013e-005	4.097072e-005	7.866079e-005	1.485849e-004
2.779999999999985e+000	2.780000e+000	1.082274e-005	2.125396e-005	4.132045e-005	7.931499e-005	1.497799e-004
2.789999999999985e+000	2.790000e+000	1.091896e-005	2.143844e-005	4.167132e-005	7.997112e-005	1.509781e-004
2.799999999999984e+000	2.800000e+000	1.101555e-005	2.162357e-005	4.202334e-005	8.062919e-005	1.521792e-004
2.809999999999984e+000	2.810000e+000	1.111250e-005	2.180935e-005	4.237651e-005	8.128917e-005	1.533834e-004
2.819999999999984e+000	2.820000e+000	1.120981e-005	2.199577e-005	4.273081e-005	8.195108e-005	1.545906e-004
2.829999999999984e+000	2.830000e+000	1.130749e-005	2.218285e-005	4.308625e-005	8.261489e-005	1.558008e-004
2.839999999999983e+000	2.840000e+000	1.140553e-005	2.237057e-005	4.344283e-005	8.328060e-005	1.570139e-004
2.849999999999983e+000	2.850000e+000	1.150394e-005	2.255893e-005	4.380052e-005	8.394820e-005	1.582300e-004
2.859999999999983e+000	2.860000e+000	1.160270e-005	2.274793e-005	4.415935e-005	8.461768e-005	1.594491e-004
2.869999999999983e+000	2.870000e+000	1.170183e-005	2.293757e-005	4.451929e-005	8.528904e-005	1.606710e-004
2.879999999999983e+000	2.880000e+000	1.180131e-005	2.312786e-005	4.488035e-005	8.596227e-005	1.618959e-004
2.889999999999982e+000	2.890000e+000	1.190115e-005	2.331877e-005	4.524253e-005	8.663734e-005	1.631237e-004
2.899999999999982e+000	2.900000e+000	1.200135e-005	2.351032e-005	4.560581e-005	8.731428e-005	1.643543e-004
2.909999999999982e+000	2.910000e+000	1.210191e-005	2.370251e-005	4.597020e-005	8.799305e-005	1.655878e-004
2.919999999999982e+000	2.920000e+000	1.220283e-005	2.389532e-005	4.633568e-005	8.867366e-005	1.668241e-004
2.929999999999982e+000	2.930000e+000	1.230410e-005	2.408877e-005	4.670227e-005	8.935609e-005	1.680632e-004
2.939999999999981e+000	2.940000e+000	1.240572e-005	2.428284e-005	4.706996e-005	9.004035e-005	1.693052e-004
2.949999999999981e+000	2.950000e+000	1.250770e-005	2.447754e-005	4.743873e-005	9.072640e-005	1.705499e-004
2.959999999999981e+000	2.960000e+000	1.261004e-005	2.467287e-005	4.780859e-005	9.141427e-005	1.717975e-004
2.969999999999981e+000	2.970000e+000	1.271273e-005	2.486881e-005	4.817953e-005	9.210393e-005	1.730477e-004
2.979999999999980e+000	2.980000e+000	1.281577e-005	2.506538e-005	4.855155e-005	9.279537e-005	1.743007e-004
2.989999999999980e+000	2.990000e+000	1.291916e-005	2.526257e-005	4.892465e-005	9.348860e-005	1.755565e-004
2.999999999999980e+000	3.000000e+000	1.302290e-005	2.546037e-005	4.929882e-005	9.418359e-005	1.768150e-004
3.009999999999980e+000	3.010000e+000	1.312699e-005	2.565879e-005	4.967406e-005	9.488035e-005	1.780761e-004
3.019999999999980e+000	3.020000e+000	1.323143e-005	2.585783e-005	5.005036e-005	9.557886e-005	1.793399e-004
3.029999999999979e+000	3.030000e+000	1.333622e-005	2.605748e-005	5.042772e-005	9.627912e-005	1.806064e-004
3.039999999999979e+000	3.040000e+000	1.344136e-005	2.625774e-005	5.080615e-005	9.698113e-005	1.818756e-004
3.049999999999979e+000	3.050000e+000	1.354684e-005	2.645861e-005	5.118562e-005	9.768486e-005	1.831474e-004
3.059999999999979e+000	3.060000e+000	1.365268e-005	2.666009e-005	5.156615e-005	9.839032e-005	1.844218e-004
3.069999999999979e+000	3.070000e+000	1.375885e-005	2.686217e-005	5.194772e-005	9.909749e-005	1.856988e-004
3.079999999999978e+000	3.080000e+000	1.386537e-005	2.706486e-005	5.233034e-005	9.980638e-005	1.869784e-004
3.089999999999978e+000	3.090000e+000	1.397224e-005	2.726815e-005	5.271399e-005	1.005170e-004	1.882605e-004
3.099999999999978e+000	3.100000e+000	1.407945e-005	2.747205e-005	5.309868e-005	1.012293e-004	1.895453e-004
3.109999999999978e+000	3.110000e+000	1.418700e-005	2.767654e-005	5.348441e-005	1.019432e-004	1.908325e-004
3.119999999999978e+000	3.120000e+000	1.429490e-005	2.788163e-005	5.387116e-005	1.026589e-004	1.921223e-004
3.129999999999977e+000	3.130000e+000	1.440314e-005	2.808732e-005	5.425894e-005	1.033762e-004	1.934147e-004
3.139999999999977e+000	3.140000e+000	1.451171e-005	2.829361e-005	5.464774e-005	1.040952e-004	1.947095e-004
3.149999999999977e+000	3.150000e+000	1.462063e-005	2.850049e-005	5.503756e-005	1.048158e-004	1.960068e-004
3.159999999999977e+000	3.160000e+000	1.472989e-005	2.870795e-005	5.542839e-005	1.055381e-004	1.973066e-004
3.169999999999976e+000	3.170000e+000	1.483948e-005	2.891602e-005	5.582024e-005	1.062621e-004	1.986088e-004
3.179999999999976e+000	3.180000e+000	1.494942e-005	2.912467e-005	5.621310e-005	1.069877e-004	1.999135e-004
3.189999999999976e+000	3.190000e+000	1.505969e-005	2.933390e-005	5.660695e-005	1.077149e-004	2.012206e-004
3.199999999999976e+000	3.200000e+000	1.517029e-005	2.954372e-005	5.700181e-005	1.084437e-004	2.025301e-004
3.209999999999976e+000	3.210000e+000	1.528124e-005	2.975413e-005	5.739767e-005	1.091741e-004	2.038420e-004
3.219999999999975e+000	3.220000e+000	1.539252e-005	2.996512e-005	5.779452e-005	1.099062e-004	2.051563e-004
3.229999999999975e+000	3.230000e+000	1.550413e-005	3.017669e-005	5.819236e-005	1.106398e-004	2.064730e-004
3.239999999999975e+000	3.240000e+000	1.561607e-005	3.038884e-005	5.859119e-005	1.113751e-004	2.077920e-004
3.249999999999975e+000	3.250000e+000	1.572835e-005	3.060156e-005	5.899100e-005	1.121119e-004	2.091134e-004
3.259999999999975e+000	3.260000e+000	1.584097e-005	3.081487e-005	5.939179e-005	1.128503e-004	2.104371e-004
3.269999999999974e+000	3.270000e+000	1.595391e-005	3.102874e-005	5.979356e-005	1.135903e-004	2.117631e-004
3.279999999999974e+000	3.280000e+000	1.606718e-005	3.124319e-005	6.019630e-005	1.143318e-004	2.130914e-004
3.289999999999974e+000	3.290000e+000	1.618079e-005	3.145821e-005	6.060002e-005	1.150749e-004	2.144220e-004
3.299999999999974e+000	3.300000e+000	1.629472e-005	3.167381e-005	6.100470e-005	1.158195e-004	2.157549e-004
3.309999999999973e+000	3.310000e+000	1.640899e-005	3.188997e-005	6.141034e-005	1.165657e-004	2.170900e-004
3.319999999999973e+000	3.320000e+000	1.652358e-005	3.210669e-005	6.181694e-005	1.173134e-004	2.184274e-004
3.329999999999973e+000	3.330000e+000	1.663850e-005	3.232398e-005	6.222450e-005	1.180627e-004	2.197671e-004
3.339999999999973e+000	3.340000e+000	1.675374e-005	3.254184e-005	6.263301e-005	1.188135e-004	2.211089e-004
3.349999999999973e+000	3.350000e+000	1.686932e-005	3.276026e-005	6.304248e-005	1.195658e-004	2.224530e-004
3.359999999999972e+000	3.360000e+000	1.698521e-005	3.297924e-005	6.345288e-005	1.203196e-004	2.237992e-004
3.369999999999972e+000	3.370000e+000	1.710144e-005	3.319877e-005	6.386423e-005	1.210749e-004	2.251477e-004
3.379999999999972e+000	3.380000e+000	1.721798e-005	3.341887e-005	6.427652e-005	1.218317e-004	2.264983e-004
3.389999999999972e+000	3.390000e+000	1.733485e-005	3.363952e-005	6.468975e-005	1.225900e-004	2.278510e-004
3.399999999999972e+000	3.400000e+000	1.745204e-005	3.386072e-005	6.510392e-005	1.233497e-004	2.292059e-004
3.409999999999971e+000	3.410000e+000	1.756956e-005	3.408248e-005	6.551900e-005	1.241110e-004	2.305630e-004
3.419999999999971e+000	3.420000e+000	1.768740e-005	3.430479e-005	6.593502e-005	1.248737e-004	2.319221e-004
3.429999999999971e+000	3.430000e+000	1.780555e-005	3.452765e-005	6.635196e-005	1.256378e-004	2.332834e-004
3.439999999999971e+000	3.440000e+000	1.792403e-005	3.475106e-005	6.676983e-005	1.264035e-004	2.346467e-004
3.449999999999970e+000	3.450000e+000	1.804283e-005	3.497501e-005	6.718860e-005	1.271706e-004	2.360121e-004
3.459999999999970e+000	3.460000e+000	1.816194e-005	3.519951e-005	6.760829e-005	1.279391e-004	2.373796e-004
3.469999999999970e+000	3.470000e+000	1.828138e-005	3.542456e-005	6.802889e-005	1.287090e-004	2.387491e-004
3.479999999999970e+000	3.480000e+000	1.840113e-005	3.565014e-005	6.845040e-005	1.294804e-004	2.401207e-004
3.489999999999970e+000	3.490000e+000	1.852120e-005	3.587627e-005	6.887281e-005	1.302532e-004	2.414943e-004
3.499999999999969e+000	3.500000e+000	1.864158e-005	3.610293e-005	6.929613e-005	1.310274e-004	2.428700e-004
3.509999999999969e+000	3.510000e+000	1.876228e-005	3.633013e-005	6.972034e-005	1.318030e-004	2.442476e-004
3.519999999999969e+000	3.520000e+000	1.888329e-005	3.655787e-005	7.014544e-005	1.325801e-004	2.456272e-004
3.529999999999969e+000	3.530000e+000	1.900462e-005	3.678615e-005	7.057143e-005	1.333585e-004	2.470088e-004
3.539999999999969e+000	3.540000e+000	1.912626e-005	3.701495e-005	7.099831e-005	1.341383e-004	2.483924e-004
3.549999999999968e+000	3.550000e+000	1.924822e-005	3.724429e-005	7.142608e-005	1.349195e-004	2.497779e-004
3.559999999999968e+000	3.560000e+000	1.937048e-005	3.747416e-005	7.185473e-005	1.357021e-004	2.511653e-004
3.569999999999968e+000	3.570000e+000	1.949306e-005	3.770456e-005	7.228426e-005	1.364860e-004	2.525547e-004
3.579999999999968e+000	3.580000e+000	1.961595e-005	3.793549e-005	7.271466e-005	1.372713e-004	2.539461e-004
3.589999999999967e+000	3.590000e+000	1.973915e-005	3.816693e-005	7.314593e-005	1.380579e-004	2.553393e-004
3.599999999999967e+000	3.600000e+000	1.986265e-005	3.839891e-005	7.357807e-005	1.388459e-004	2.567344e-004
3.609999999999967e+000	3.610000e+000	1.998647e-005	3.863141e-005	7.401108e-005	1.396353e-004	2.581314e-004
3.619999999999967e+000	3.620000e+000	2.011060e-005	3.886443e-005	7.444495e-005	1.404260e-004	2.595302e-004
3.629999999999967e+000	3.630000e+000	2.023503e-005	3.909797e-005	7.487967e-005	1.412180e-004	2.609309e-004
3.639999999999966e+000	3.640000e+000	2.035977e-005	3.933202e-005	7.531526e-005	1.420114e-004	2.623335e-004
3.649999999999966e+000	3.650000e+000	2.048481e-005	3.956660e-005	7.575170e-005	1.428060e-004	2.637379e-004
3.659999999999966e+000	3.660000e+000	2.061016e-005	3.980169e-005	7.618898e-005	1.436020e-004	2.651442e-004
3.669999999999966e+000	3.670000e+000	2.073582e-005	4.003729e-005	7.662712e-005	1.443993e-004	2.665522e-004
3.679999999999966e+000	3.680000e+000	2.086178e-005	4.027340e-005	7.706609e-005	1.451979e-004	2.679621e-004
3.689999999999965e+000	3.690000e+000	2.098804e-005	4.051003e-005	7.750591e-005	1.459978e-004	2.693737e-004
3.699999999999965e+000	3.700000e+000	2.111461e-005	4.074717e-005	7.794656e-005	1.467989e-004	2.707871e-004
3.709999999999965e+000	3.710000e+000	2.124147e-005	4.098481e-005	7.838805e-005	1.476014e-004	2.722023e-004
3.719999999999965e+000	3.720000e+000	2.136864e-005	4.122296e-005	7.883037e-005	1.484051e-004	2.736193e-004
3.729999999999965e+000	3.730000e+000	2.149611e-005	4.146162e-005	7.927352e-005	1.492101e-004	2.750379e-004
3.739999999999964e+000	3.740000e+000	2.162388e-005	4.170078e-005	7.971749e-005	1.500164e-004	2.764583e-004
3.749999999999964e+000	3.750000e+000	2.175196e-005	4.194044e-005	8.016230e-005	1.508239e-004	2.778805e-004
3.759999999999964e+000	3.760000e+000	2.188033e-005	4.218060e-005	8.060790e-005	1.516327e-004	2.793043e-004
3.769999999999964e+000	3.770000e+000	2.200899e-005	4.242126e-005	8.105434e-005	1.524427e-004	2.807299e-004
3.779999999999963e+000	3.780000e+000	2.213796e-005	4.266242e-005	8.150158e-005	1.532540e-004	2.821572e-004
3.789999999999963e+000	3.790000e+000	2.226722e-005	4.290408e-005	8.194963e-005	1.540665e-004	2.835861e-004
3.799999999999963e+000	3.800000e+000	2.239678e-005	4.314623e-005	8.239850e-005	1.548802e-004	2.850167e-004
3.809999999999963e+000	3.810000e+000	2.252664e-005	4.338887e-005	8.284816e-005	1.556951e-004	2.864489e-004
3.819999999999963e+000	3.820000e+000	2.265679e-005	4.363201e-005	8.329863e-005	1.565113e-004	2.878828e-004
3.829999999999962e+000	3.830000e+000	2.278723e-005	4.387564e-005	8.374989e-005	1.573287e-004	2.893183e-004
3.839999999999962e+000	3.840000e+000	2.291797e-005	4.411976e-005	8.420194e-005	1.581472e-004	2.907555e-004
3.849999999999962e+000	3.850000e+000	2.304900e-005	4.436436e-005	8.465480e-005	1.589670e-004	2.921943e-004
3.859999999999962e+000	3.860000e+000	2.318033e-005	4.460945e-005	8.510843e-005	1.597880e-004	2.936346e-004
3.869999999999962e+000	3.870000e+000	2.331194e-005	4.485503e-005	8.556286e-005	1.606101e-004	2.950766e-004
3.879999999999961e+000	3.880000e+000	2.344385e-005	4.510109e-005	8.601807e-005	1.614335e-004	2.965202e-004
3.889999999999961e+000	3.890000e+000	2.357605e-005	4.534764e-005	8.647406e-005	1.622580e-004	2.979653e-004
3.899999999999961e+000	3.900000e+000	2.370854e-005	4.559466e-005	8.693082e-005	1.630837e-004	2.994119e-004
3.909999999999961e+000	3.910000e+000	2.384132e-005	4.584216e-005	8.738836e-005	1.639105e-004	3.008602e-004
3.919999999999960e+000	3.920000e+000	2.397438e-005	4.609014e-005	8.784667e-005	1.647385e-004	3.023100e-004
3.929999999999960e+000	3.930000e+000	2.410774e-005	4.633860e-005	8.830576e-005	1.655677e-004	3.037613e-004
3.939999999999960e+000	3.940000e+000	2.424138e-005	4.658753e-005	8.876560e-005	1.663980e-004	3.052141e-004
3.949999999999960e+000	3.950000e+000	2.437531e-005	4.683694e-005	8.922621e-005	1.672294e-004	3.066684e-004
3.959999999999960e+000	3.960000e+000	2.450953e-005	4.708682e-005	8.968758e-005	1.680620e-004	3.081243e-004
3.969999999999959e+000	3.970000e+000	2.464403e-005	4.733717e-005	9.014970e-005	1.688957e-004	3.095816e-004
3.979999999999959e+000	3.980000e+000	2.477882e-005	4.758799e-005	9.061258e-005	1.697305e-004	3.110404e-004
3.989999999999959e+000	3.990000e+000	2.491389e-005	4.783928e-005	9.107621e-005	1.705665e-004	3.125007e-004
3.999999999999959e+000	4.000000e+000	2.504924e-005	4.809103e-005	9.154059e-005	1.714036e-004	3.139625e-004
4.009999999999959e+000	4.010000e+000	2.518488e-005	4.834325e-005	9.200571e-005	1.722417e-004	3.154256e-004
4.019999999999959e+000	4.020000e+000	2.532080e-005	4.859594e-005	9.247158e-005	1.730810e-004	3.168903e-004
4.029999999999959e+000	4.030000e+000	2.545701e-005	4.884909e-005	9.293819e-005	1.739214e-004	3.183563e-004
4.039999999999958e+000	4.040000e+000	2.559349e-005	4.910269e-005	9.340553e-005	1.747629e-004	3.198238e-004
4.049999999999958e+000	4.050000e+000	2.573026e-005	4.935676e-005	9.387360e-005	1.756054e-004	3.212927e-004
4.059999999999958e+000	4.060000e+000	2.586730e-005	4.961130e-005	9.434241e-005	1.764490e-004	3.227630e-004
4.069999999999958e+000	4.070000e+000	2.600463e-005	4.986628e-005	9.481194e-005	1.772937e-004	3.242347e-004
4.079999999999957e+000	4.080000e+000	2.614223e-005	5.012172e-005	9.528221e-005	1.781395e-004	3.257078e-004
4.089999999999957e+000	4.090000e+000	2.628011e-005	5.037762e-005	9.575319e-005	1.789864e-004	3.271822e-004
4.099999999999957e+000	4.100000e+000	2.641827e-005	5.063396e-005	9.622490e-005	1.798343e-004	3.286580e-004
4.109999999999957e+000	4.110000e+000	2.655671e-005	5.089077e-005	9.669732e-005	1.806832e-004	3.301352e-004
4.119999999999957e+000	4.120000e+000	2.669543e-005	5.114802e-005	9.717045e-005	1.815332e-004	3.316137e-004
4.129999999999956e+000	4.130000e+000	2.683442e-005	5.140572e-005	9.764430e-005	1.823842e-004	3.330935e-004
4.139999999999956e+000	4.140000e+000	2.697368e-005	5.166387e-005	9.811886e-005	1.832363e-004	3.345747e-004
4.149999999999956e+000	4.150000e+000	2.711322e-005	5.192246e-005	9.859412e-005	1.840895e-004	3.360572e-004
4.159999999999956e+000	4.160000e+000	2.725304e-005	5.218151e-005	9.907009e-005	1.849436e-004	3.375410e-004
4.169999999999956e+000	4.170000e+000	2.739312e-005	5.244099e-005	9.954676e-005	1.857988e-004	3.390261e-004
4.179999999999955e+000	4.180000e+000	2.753348e-005	5.270091e-005	1.000241e-004	1.866549e-004	3.405125e-004
4.189999999999955e+000	4.190000e+000	2.767412e-005	5.296128e-005	1.005022e-004	1.875121e-004	3.420001e-004
4.199999999999955e+000	4.200000e+000	2.781502e-005	5.322209e-005	1.009809e-004	1.883703e-004	3.434891e-004
4.209999999999955e+000	4.210000e+000	2.795620e-005	5.348334e-005	1.014604e-004	1.892295e-004	3.449792e-004
4.219999999999955e+000	4.220000e+000	2.809764e-005	5.374503e-005	1.019405e-004	1.900897e-004	3.464707e-004
4.229999999999954e+000	4.230000e+000	2.823936e-005	5.400715e-005	1.024213e-004	1.909509e-004	3.479634e-004
4.239999999999954e+000	4.240000e+000	2.838135e-005	5.426970e-005	1.029028e-004	1.918130e-004	3.494573e-004
4.249999999999954e+000	4.250000e+000	2.852360e-005	5.453269e-005	1.033850e-004	1.926762e-004	3.509524e-004
4.259999999999954e+000	4.260000e+000	2.866612e-005	5.479611e-005	1.038678e-004	1.935403e-004	3.524488e-004
4.269999999999953e+000	4.270000e+000	2.880891e-005	5.505996e-005	1.043514e-004	1.944054e-004	3.539464e-004
4.279999999999953e+000	4.280000e+000	2.895197e-005	5.532424e-005	1.048356e-004	1.952715e-004	3.554451e-004
4.289999999999953e+000	4.290000e+000	2.909530e-005	5.558895e-005	1.053204e-004	1.961385e-004	3.569451e-004
4.299999999999953e+000	4.300000e+000	2.923889e-005	5.585408e-005	1.058059e-004	1.970065e-004	3.584462e-004
4.309999999999953e+000	4.310000e+000	2.938274e-005	5.611964e-005	1.062921e-004	1.978754e-004	3.599485e-004
4.319999999999952e+000	4.320000e+000	2.952686e-005	5.638563e-005	1.067790e-004	1.987453e-004	3.614520e-004
4.329999999999952e+000	4.330000e+000	2.967125e-005	5.665204e-005	1.072665e-004	1.996161e-004	3.629566e-004
4.339999999999952e+000	4.340000e+000	2.981589e-005	5.691887e-005	1.077547e-004	2.004878e-004	3.644624e-004
4.349999999999952e+000	4.350000e+000	2.996081e-005	5.718612e-005	1.082435e-004	2.013605e-004	3.659693e-004
4.359999999999952e+000	4.360000e+000	3.010598e-005	5.745379e-005	1.087330e-004	2.022341e-004	3.674774e-004
4.369999999999951e+000	4.370000e+000	3.025141e-005	5.772187e-005	1.092231e-004	2.031086e-004	3.689865e-004
4.379999999999951e+000	4.380000e+000	3.039711e-005	5.799038e-005	1.097138e-004	2.039840e-004	3.704968e-004
4.389999999999951e+000	4.390000e+000	3.054307e-005	5.825930e-005	1.102052e-004	2.048604e-004	3.720082e-004
4.399999999999951e+000	4.400000e+000	3.068928e-005	5.852863e-005	1.106973e-004	2.057376e-004	3.735207e-004
4.409999999999950e+000	4.410000e+000	3.083576e-005	5.879838e-005	1.111900e-004	2.066158e-004	3.750343e-004
4.419999999999950e+000	4.420000e+000	3.098250e-005	5.906854e-005	1.116833e-004	2.074948e-004	3.765489e-004
4.429999999999950e+000	4.430000e+000	3.112949e-005	5.933911e-005	1.121772e-004	2.083748e-004	3.780646e-004
4.439999999999950e+000	4.440000e+000	3.127674e-005	5.961008e-005	1.126718e-004	2.092556e-004	3.795814e-004
4.449999999999950e+000	4.450000e+000	3.142425e-005	5.988147e-005	1.131670e-004	2.101373e-004	3.810993e-004
4.459999999999949e+000	4.460000e+000	3.157202e-005	6.015326e-005	1.136628e-004	2.110199e-004	3.826182e-004
4.469999999999949e+000	4.470000e+000	3.172004e-005	6.042546e-005	1.141593e-004	2.119033e-004	3.841381e-004
4.479999999999949e+000	4.480000e+000	3.186832e-005	6.069806e-005	1.146564e-004	2.127877e-004	3.856590e-004
4.489999999999949e+000	4.490000e+000	3.201686e-005	6.097107e-005	1.151540e-004	2.136729e-004	3.871810e-004
4.499999999999949e+000	4.500000e+000	3.216564e-005	6.124447e-005	1.156523e-004	2.145589e-004	3.887040e-004
4.509999999999948e+000	4.510000e+000	3.231469e-005	6.151828e-005	1.161513e-004	2.154458e-004	3.902280e-004
4.519999999999948e+000	4.520000e+000	3.246398e-005	6.179248e-005	1.166508e-004	2.163336e-004	3.917530e-004
4.529999999999948e+000	4.530000e+000	3.261353e-005	6.206709e-005	1.171509e-004	2.172222e-004	3.932790e-004
4.539999999999948e+000	4.540000e+000	3.276334e-005	6.234209e-005	1.176516e-004	2.181116e-004	3.948060e-004
4.549999999999947e+000	4.550000e+000	3.291339e-005	6.261749e-005	1.181530e-004	2.190019e-004	3.963340e-004
4.559999999999947e+000	4.560000e+000	3.306369e-005	6.289328e-005	1.186549e-004	2.198930e-004	3.978629e-004
4.569999999999947e+000	4.570000e+000	3.321425e-005	6.316946e-005	1.191574e-004	2.207849e-004	3.993927e-004
4.579999999999947e+000	4.580000e+000	3.336505e-005	6.344604e-005	1.196606e-004	2.216776e-004	4.009236e-004
4.589999999999947e+000	4.590000e+000	3.351611e-005	6.372300e-005	1.201643e-004	2.225712e-004	4.024554e-004
4.599999999999946e+000	4.600000e+000	3.366741e-005	6.400036e-005	1.206686e-004	2.234656e-004	4.039881e-004
4.609999999999946e+000	4.610000e+000	3.381896e-005	6.427811e-005	1.211735e-004	2.243607e-004	4.055217e-004
4.619999999999946e+000	4.620000e+000	3.397077e-005	6.455624e-005	1.216790e-004	2.252567e-004	4.070563e-004
4.629999999999946e+000	4.630000e+000	3.412282e-005	6.483476e-005	1.221850e-004	2.261535e-004	4.085918e-004
4.639999999999946e+000	4.640000e+000	3.427511e-005	6.511366e-005	1.226917e-004	2.270511e-004	4.101282e-004
4.649999999999945e+000	4.650000e+000	3.442765e-005	6.539295e-005	1.231989e-004	2.279495e-004	4.116654e-004
4.659999999999945e+000	4.660000e+000	3.458044e-005	6.567262e-005	1.237067e-004	2.288486e-004	4.132036e-004
4.669999999999945e+000	4.670000e+000	3.473348e-005	6.595266e-005	1.242151e-004	2.297485e-004	4.147427e-004
4.679999999999945e+000	4.680000e+000	3.488675e-005	6.623310e-005	1.247240e-004	2.306493e-004	4.162827e-004
4.689999999999944e+000	4.690000e+000	3.504028e-005	6.651391e-005	1.252335e-004	2.315507e-004	4.178235e-004
4.699999999999944e+000	4.700000e+000	3.519404e-005	6.679510e-005	1.257436e-004	2.324530e-004	4.193651e-004
4.709999999999944e+000	4.710000e+000	3.534805e-005	6.707666e-005	1.262543e-004	2.333560e-004	4.209077e-004
4.719999999999944e+000	4.720000e+000	3.550231e-005	6.735860e-005	1.267655e-004	2.342598e-004	4.224511e-004
4.729999999999944e+000	4.730000e+000	3.565681e-005	6.764091e-005	1.272772e-004	2.351643e-004	4.239953e-004
4.739999999999943e+000	4.740000e+000	3.581154e-005	6.792360e-005	1.277895e-004	2.360696e-004	4.255403e-004
4.749999999999943e+000	4.750000e+000	3.596652e-005	6.820666e-005	1.283024e-004	2.369756e-004	4.270862e-004
4.759999999999943e+000	4.760000e+000	3.612174e-005	6.849009e-005	1.288158e-004	2.378824e-004	4.286329e-004
4.769999999999943e+000	4.770000e+000	3.627720e-005	6.877389e-005	1.293298e-004	2.387899e-004	4.301804e-004
4.779999999999943e+000	4.780000e+000	3.643290e-005	6.905806e-005	1.298443e-004	2.396982e-004	4.317288e-004
4.789999999999942e+000	4.790000e+000	3.658884e-005	6.934259e-005	1.303594e-004	2.406071e-004	4.332779e-004
4.799999999999942e+000	4.800000e+000	3.674502e-005	6.962749e-005	1.308750e-004	2.415168e-004	4.348278e-004
4.809999999999942e+000	4.810000e+000	3.690143e-005	6.991276e-005	1.313911e-004	2.424273e-004	4.363785e-004
4.819999999999942e+000	4.820000e+000	3.705809e-005	7.019840e-005	1.319078e-004	2.433384e-004	4.379300e-004
4.829999999999942e+000	4.830000e+000	3.721498e-005	7.048438e-005	1.324251e-004	2.442503e-004	4.394822e-004
4.839999999999941e+000	4.840000e+000	3.737210e-005	7.077074e-005	1.329428e-004	2.451628e-004	4.410352e-004
4.849999999999941e+000	4.850000e+000	3.752947e-005	7.105746e-005	1.334611e-004	2.460761e-004	4.425890e-004
4.859999999999941e+000	4.860000e+000	3.768707e-005	7.134453e-005	1.339799e-004	2.469900e-004	4.441435e-004
4.869999999999941e+000	4.870000e+000	3.784490e-005	7.163197e-005	1.344993e-004	2.479047e-004	4.456988e-004
4.879999999999940e+000	4.880000e+000	3.800297e-005	7.191976e-005	1.350192e-004	2.488201e-004	4.472548e-004
4.889999999999940e+000	4.890000e+000	3.816128e-005	7.220791e-005	1.355396e-004	2.497361e-004	4.488115e-004
4.899999999999940e+000	4.900000e+000	3.831982e-005	7.249641e-005	1.360605e-004	2.506528e-004	4.503690e-004
4.909999999999940e+000	4.910000e+000	3.847859e-005	7.278527e-005	1.365819e-004	2.515703e-004	4.519271e-004
4.919999999999940e+000	4.920000e+000	3.863759e-005	7.307449e-005	1.371039e-004	2.524883e-004	4.534860e-004
4.929999999999939e+000	4.930000e+000	3.879683e-005	7.336405e-005	1.376263e-004	2.534071e-004	4.550456e-004
4.939999999999939e+000	4.940000e+000	3.895630e-005	7.365396e-005	1.381493e-004	2.543265e-004	4.566059e-004
4.949999999999939e+000	4.950000e+000	3.911600e-005	7.394423e-005	1.386728e-004	2.552466e-004	4.581669e-004
4.959999999999939e+000	4.960000e+000	3.927593e-005	7.423483e-005	1.391968e-004	2.561673e-004	4.597285e-004
4.969999999999939e+000	4.970000e+000	3.943609e-005	7.452579e-005	1.397213e-004	2.570887e-004	4.612909e-004
4.979999999999938e+000	4.980000e+000	3.959649e-005	7.481710e-005	1.402463e-004	2.580108e-004	4.628539e-004
4.989999999999938e+000	4.990000e+000	3.975711e-005	7.510875e-005	1.407718e-004	2.589335e-004	4.644176e-004
5.000000000000000e+000	5.000000e+000	3.991796e-005	7.540074e-005	1.412978e-004	2.598569e-004	4.659819e-004
