v2	Ix(U1:DRAIN)	Ix(U5:VDD)	Ix(U6:VDD)	Ix(U7:VDD)	Ix(U8:VDD)	Ix(U9:VDD)
0.000000000000000e+000	7.696864e-012	-7.710761e-012	-7.696867e-012	-7.715356e-012	-7.722765e-012	-7.751556e-012
1.000000000000000e-002	7.705421e-012	-7.722423e-012	-7.705421e-012	-7.728749e-012	-7.739482e-012	-7.778743e-012
2.000000000000000e-002	7.714800e-012	-7.735420e-012	-7.714798e-012	-7.744036e-012	-7.759370e-012	-7.812541e-012
3.000000000000000e-002	7.725024e-012	-7.749829e-012	-7.725022e-012	-7.761462e-012	-7.783078e-012	-7.854615e-012
4.000000000000000e-002	7.736121e-012	-7.765768e-012	-7.736112e-012	-7.781331e-012	-7.811446e-012	-7.907057e-012
5.000000000000000e-002	7.748124e-012	-7.783350e-012	-7.748117e-012	-7.804028e-012	-7.845515e-012	-7.972486e-012
6.000000000000001e-002	7.761077e-012	-7.802739e-012	-7.761070e-012	-7.830046e-012	-7.886603e-012	-8.054214e-012
7.000000000000001e-002	7.775038e-012	-7.824151e-012	-7.775033e-012	-7.860000e-012	-7.936386e-012	-8.156413e-012
8.000000000000000e-002	7.790087e-012	-7.847855e-012	-7.790081e-012	-7.894704e-012	-7.997007e-012	-8.284354e-012
9.000000000000000e-002	7.806336e-012	-7.874221e-012	-7.806329e-012	-7.935202e-012	-8.071158e-012	-8.444678e-012
9.999999999999999e-002	7.823938e-012	-7.903726e-012	-7.823932e-012	-7.982824e-012	-8.162286e-012	-8.645804e-012
1.100000000000000e-001	7.843096e-012	-7.937004e-012	-7.843092e-012	-8.039296e-012	-8.274749e-012	-8.898360e-012
1.200000000000000e-001	7.864084e-012	-7.974872e-012	-7.864081e-012	-8.106807e-012	-8.414084e-012	-9.215829e-012
1.300000000000000e-001	7.887264e-012	-8.018398e-012	-7.887263e-012	-8.188185e-012	-8.587308e-012	-9.615276e-012
1.400000000000000e-001	7.913111e-012	-8.068960e-012	-7.913117e-012	-8.287023e-012	-8.803330e-012	-1.011836e-011
1.500000000000000e-001	7.942248e-012	-8.128338e-012	-7.942257e-012	-8.407897e-012	-9.073456e-012	-1.075257e-011
1.600000000000000e-001	7.975482e-012	-8.198816e-012	-7.975499e-012	-8.556657e-012	-9.412026e-012	-1.155284e-011
1.700000000000000e-001	8.013858e-012	-8.283318e-012	-8.013880e-012	-8.740717e-012	-9.837261e-012	-1.256358e-011
1.800000000000000e-001	8.058722e-012	-8.385602e-012	-8.058751e-012	-8.969527e-012	-1.037230e-011	-1.384127e-011
1.900000000000000e-001	8.111806e-012	-8.510447e-012	-8.111842e-012	-9.255084e-012	-1.104656e-011	-1.545787e-011
2.000000000000000e-001	8.175327e-012	-8.663951e-012	-8.175373e-012	-9.612627e-012	-1.189746e-011	-1.750506e-011
2.100000000000001e-001	8.252119e-012	-8.853884e-012	-8.252172e-012	-1.006156e-011	-1.297261e-011	-2.009975e-011
2.200000000000001e-001	8.345797e-012	-9.090118e-012	-8.345867e-012	-1.062652e-011	-1.433267e-011	-2.339115e-011
2.300000000000001e-001	8.460966e-012	-9.385226e-012	-8.461043e-012	-1.133888e-011	-1.605495e-011	-2.756979e-011
2.400000000000001e-001	8.603478e-012	-9.755183e-012	-8.603571e-012	-1.223854e-011	-1.823803e-011	-3.287918e-011
2.500000000000001e-001	8.780768e-012	-1.022029e-011	-8.780877e-012	-1.337634e-011	-2.100774e-011	-3.963072e-011
2.600000000000001e-001	9.002278e-012	-1.080639e-011	-9.002403e-012	-1.481710e-011	-2.452478e-011	-4.822290e-011
2.700000000000001e-001	9.279994e-012	-1.154636e-011	-9.280137e-012	-1.664343e-011	-2.899454e-011	-5.916604e-011
2.800000000000001e-001	9.629137e-012	-1.248207e-011	-9.629298e-012	-1.896080e-011	-3.467966e-011	-7.311403e-011
2.900000000000001e-001	1.006904e-011	-1.366686e-011	-1.006923e-011	-2.190392e-011	-4.191627e-011	-9.090532e-011
3.000000000000001e-001	1.062429e-011	-1.516877e-011	-1.062449e-011	-2.564490e-011	-5.113477e-011	-1.136157e-010
3.100000000000001e-001	1.132614e-011	-1.707461e-011	-1.132636e-011	-3.040387e-011	-6.288668e-011	-1.426261e-010
3.200000000000001e-001	1.221440e-011	-1.949521e-011	-1.221465e-011	-3.646250e-011	-7.787907e-011	-1.797108e-010
3.300000000000001e-001	1.333977e-011	-2.257220e-011	-1.334003e-011	-4.418144e-011	-9.701907e-011	-2.271499e-010
3.400000000000001e-001	1.476688e-011	-2.648666e-011	-1.476716e-011	-5.402274e-011	-1.214711e-010	-2.878760e-010
3.500000000000001e-001	1.657816e-011	-3.147027e-011	-1.657845e-011	-6.657873e-011	-1.527306e-010	-3.656625e-010
3.600000000000002e-001	1.887886e-011	-3.781957e-011	-1.887916e-011	-8.260911e-011	-1.927195e-010	-4.653673e-010
3.700000000000002e-001	2.180335e-011	-4.591440e-011	-2.180367e-011	-1.030889e-010	-2.439086e-010	-5.932473e-010
3.800000000000002e-001	2.552340e-011	-5.624147e-011	-2.552373e-011	-1.292698e-010	-3.094762e-010	-7.573651e-010
3.900000000000002e-001	3.025857e-011	-6.942484e-011	-3.025891e-011	-1.627600e-010	-3.935127e-010	-9.681138e-010
4.000000000000002e-001	3.628974e-011	-8.626497e-011	-3.629008e-011	-2.056260e-010	-5.012839e-010	-1.238895e-009
4.100000000000002e-001	4.397633e-011	-1.077890e-010	-4.397668e-011	-2.605248e-010	-6.395718e-010	-1.586996e-009
4.200000000000002e-001	5.377848e-011	-1.353156e-010	-5.377881e-011	-3.308733e-010	-8.171132e-010	-2.034714e-009
4.300000000000002e-001	6.628541e-011	-1.705378e-010	-6.628573e-011	-4.210672e-010	-1.045166e-009	-2.610818e-009
4.400000000000002e-001	8.225187e-011	-2.156301e-010	-8.225216e-011	-5.367622e-010	-1.338236e-009	-3.352415e-009
4.500000000000002e-001	1.026447e-010	-2.733860e-010	-1.026449e-010	-6.852361e-010	-1.715017e-009	-4.307356e-009
4.600000000000002e-001	1.287026e-010	-3.473931e-010	-1.287027e-010	-8.758528e-010	-2.199592e-009	-5.537313e-009
4.700000000000003e-001	1.620120e-010	-4.422597e-010	-1.620120e-010	-1.120658e-009	-2.822976e-009	-7.121697e-009
4.800000000000003e-001	2.046047e-010	-5.639013e-010	-2.046043e-010	-1.435139e-009	-3.625080e-009	-9.162636e-009
4.900000000000003e-001	2.590805e-010	-7.199082e-010	-2.590797e-010	-1.839197e-009	-4.657215e-009	-1.179124e-008
5.000000000000002e-001	3.287641e-010	-9.200097e-010	-3.287624e-010	-2.358373e-009	-5.985247e-009	-1.517542e-008
5.100000000000002e-001	4.179009e-010	-1.176661e-009	-4.178979e-010	-3.025395e-009	-7.693553e-009	-1.952951e-008
5.200000000000002e-001	5.319034e-010	-1.505776e-009	-5.318981e-010	-3.882120e-009	-9.889936e-009	-2.512601e-008
5.300000000000003e-001	6.776552e-010	-1.927639e-009	-6.776463e-010	-4.981924e-009	-1.271162e-008	-3.230938e-008
5.400000000000003e-001	8.638842e-010	-2.468022e-009	-8.638694e-010	-6.392622e-009	-1.633246e-008	-4.151214e-008
5.500000000000003e-001	1.101612e-009	-3.159528e-009	-1.101588e-009	-8.199965e-009	-2.097138e-008	-5.327259e-008
5.600000000000003e-001	1.404688e-009	-4.043182e-009	-1.404648e-009	-1.051173e-008	-2.690195e-008	-6.825349e-008
5.700000000000003e-001	1.790399e-009	-5.170257e-009	-1.790335e-009	-1.346233e-008	-3.446268e-008	-8.726014e-008
5.800000000000003e-001	2.280158e-009	-6.604300e-009	-2.280056e-009	-1.721780e-008	-4.406740e-008	-1.112558e-007
5.900000000000003e-001	2.900232e-009	-8.423264e-009	-2.900071e-009	-2.198088e-008	-5.621467e-008	-1.413714e-007
6.000000000000003e-001	3.682477e-009	-1.072162e-008	-3.682228e-009	-2.799558e-008	-7.149457e-008	-1.789079e-007
6.100000000000003e-001	4.665022e-009	-1.361220e-008	-4.664642e-009	-3.555081e-008	-9.059116e-008	-2.253262e-007
6.200000000000003e-001	5.892818e-009	-1.722760e-008	-5.892249e-009	-4.498198e-008	-1.142789e-007	-2.822275e-007
6.300000000000003e-001	7.417992e-009	-2.172079e-008	-7.417161e-009	-5.667011e-008	-1.434116e-007	-3.513204e-007
6.400000000000004e-001	9.299931e-009	-2.726471e-008	-9.298746e-009	-7.103760e-008	-1.789041e-007	-4.343808e-007
6.500000000000004e-001	1.160505e-008	-3.405076e-008	-1.160341e-008	-8.854063e-008	-2.217079e-007	-5.332074e-007
6.600000000000004e-001	1.440628e-008	-4.228609e-008	-1.440406e-008	-1.096585e-007	-2.727835e-007	-6.495767e-007
6.700000000000004e-001	1.778224e-008	-5.218990e-008	-1.777933e-008	-1.348809e-007	-3.330725e-007	-7.852039e-007
6.800000000000004e-001	2.181622e-008	-6.398897e-008	-2.181252e-008	-1.646943e-007	-4.034739e-007	-9.417094e-007
6.900000000000004e-001	2.659508e-008	-7.791272e-008	-2.659049e-008	-1.995690e-007	-4.848258e-007	-1.120596e-006
7.000000000000004e-001	3.220800e-008	-9.418832e-008	-3.220246e-008	-2.399482e-007	-5.778934e-007	-1.323232e-006
7.100000000000004e-001	3.874531e-008	-1.130360e-007	-3.873879e-008	-2.862401e-007	-6.833643e-007	-1.550847e-006
7.200000000000004e-001	4.629735e-008	-1.346653e-007	-4.628984e-008	-3.388130e-007	-8.018478e-007	-1.804525e-006
7.300000000000004e-001	5.495345e-008	-1.592716e-007	-5.494496e-008	-3.979933e-007	-9.338779e-007	-2.085212e-006
7.400000000000004e-001	6.480097e-008	-1.870341e-007	-6.479154e-008	-4.640666e-007	-1.079919e-006	-2.393721e-006
7.500000000000004e-001	7.592455e-008	-2.181147e-007	-7.591424e-008	-5.372794e-007	-1.240373e-006	-2.730739e-006
7.600000000000005e-001	8.840543e-008	-2.526575e-007	-8.839429e-008	-6.178434e-007	-1.415582e-006	-3.096835e-006
7.700000000000005e-001	1.023209e-007	-2.907890e-007	-1.023090e-007	-7.059390e-007	-1.605841e-006	-3.492474e-006
7.800000000000005e-001	1.177440e-007	-3.326196e-007	-1.177314e-007	-8.017195e-007	-1.811396e-006	-3.918025e-006
7.900000000000005e-001	1.347431e-007	-3.782443e-007	-1.347299e-007	-9.053148e-007	-2.032456e-006	-4.373766e-006
8.000000000000005e-001	1.533820e-007	-4.277444e-007	-1.533682e-007	-1.016835e-006	-2.269191e-006	-4.859901e-006
8.100000000000005e-001	1.737196e-007	-4.811894e-007	-1.737053e-007	-1.136373e-006	-2.521741e-006	-5.376563e-006
8.200000000000005e-001	1.958102e-007	-5.386386e-007	-1.957954e-007	-1.264007e-006	-2.790218e-006	-5.923822e-006
8.300000000000005e-001	2.197035e-007	-6.001420e-007	-2.196882e-007	-1.399803e-006	-3.074706e-006	-6.501699e-006
8.400000000000005e-001	2.454448e-007	-6.657424e-007	-2.454291e-007	-1.543816e-006	-3.375269e-006	-7.110167e-006
8.500000000000005e-001	2.730753e-007	-7.354762e-007	-2.730592e-007	-1.696093e-006	-3.691947e-006	-7.749159e-006
8.600000000000005e-001	3.026323e-007	-8.093745e-007	-3.026158e-007	-1.856672e-006	-4.024766e-006	-8.418576e-006
8.700000000000006e-001	3.341496e-007	-8.874637e-007	-3.341326e-007	-2.025582e-006	-4.373732e-006	-9.118293e-006
8.800000000000006e-001	3.676576e-007	-9.697669e-007	-3.676402e-007	-2.202850e-006	-4.738838e-006	-9.848163e-006
8.900000000000006e-001	4.031837e-007	-1.056304e-006	-4.031658e-007	-2.388491e-006	-5.120064e-006	-1.060802e-005
9.000000000000006e-001	4.407525e-007	-1.147091e-006	-4.407341e-007	-2.582521e-006	-5.517378e-006	-1.139769e-005
9.100000000000006e-001	4.803863e-007	-1.242144e-006	-4.803674e-007	-2.784948e-006	-5.930737e-006	-1.221698e-005
9.200000000000006e-001	5.221050e-007	-1.341474e-006	-5.220856e-007	-2.995776e-006	-6.360091e-006	-1.306569e-005
9.300000000000006e-001	5.659266e-007	-1.445094e-006	-5.659066e-007	-3.215004e-006	-6.805380e-006	-1.394364e-005
9.400000000000006e-001	6.118672e-007	-1.553011e-006	-6.118466e-007	-3.442629e-006	-7.266537e-006	-1.485061e-005
9.500000000000006e-001	6.599412e-007	-1.665234e-006	-6.599200e-007	-3.678644e-006	-7.743492e-006	-1.578640e-005
9.600000000000006e-001	7.101618e-007	-1.781769e-006	-7.101400e-007	-3.923039e-006	-8.236166e-006	-1.675080e-005
9.700000000000006e-001	7.625407e-007	-1.902621e-006	-7.625182e-007	-4.175799e-006	-8.744480e-006	-1.774361e-005
9.800000000000007e-001	8.170883e-007	-2.027794e-006	-8.170651e-007	-4.436909e-006	-9.268348e-006	-1.876462e-005
9.900000000000007e-001	8.738141e-007	-2.157291e-006	-8.737903e-007	-4.706348e-006	-9.807683e-006	-1.981362e-005
1.000000000000001e+000	9.327267e-007	-2.291114e-006	-9.327021e-007	-4.984095e-006	-1.036239e-005	-2.089041e-005
1.010000000000001e+000	9.938334e-007	-2.429261e-006	-9.938079e-007	-5.270126e-006	-1.093239e-005	-2.199477e-005
1.020000000000001e+000	1.057141e-006	-2.571735e-006	-1.057115e-006	-5.564414e-006	-1.151759e-005	-2.312651e-005
1.030000000000001e+000	1.122656e-006	-2.718531e-006	-1.122629e-006	-5.866931e-006	-1.211788e-005	-2.428541e-005
1.040000000000001e+000	1.190383e-006	-2.869648e-006	-1.190355e-006	-6.177645e-006	-1.273318e-005	-2.547125e-005
1.050000000000001e+000	1.260326e-006	-3.025083e-006	-1.260298e-006	-6.496527e-006	-1.336339e-005	-2.668384e-005
1.060000000000001e+000	1.332491e-006	-3.184829e-006	-1.332462e-006	-6.823539e-006	-1.400843e-005	-2.792295e-005
1.070000000000001e+000	1.406881e-006	-3.348883e-006	-1.406850e-006	-7.158650e-006	-1.466818e-005	-2.918837e-005
1.080000000000001e+000	1.483497e-006	-3.517238e-006	-1.483466e-006	-7.501820e-006	-1.534257e-005	-3.047990e-005
1.090000000000001e+000	1.562344e-006	-3.689885e-006	-1.562312e-006	-7.853014e-006	-1.603150e-005	-3.179730e-005
1.100000000000001e+000	1.643423e-006	-3.866819e-006	-1.643390e-006	-8.212191e-006	-1.673487e-005	-3.314036e-005
1.110000000000001e+000	1.726736e-006	-4.048028e-006	-1.726702e-006	-8.579314e-006	-1.745260e-005	-3.450888e-005
1.120000000000001e+000	1.812284e-006	-4.233504e-006	-1.812248e-006	-8.954341e-006	-1.818458e-005	-3.590261e-005
1.130000000000001e+000	1.900067e-006	-4.423236e-006	-1.900031e-006	-9.337233e-006	-1.893073e-005	-3.732135e-005
1.140000000000001e+000	1.990087e-006	-4.617212e-006	-1.990050e-006	-9.727946e-006	-1.969096e-005	-3.876486e-005
1.150000000000001e+000	2.082344e-006	-4.815422e-006	-2.082305e-006	-1.012644e-005	-2.046517e-005	-4.023293e-005
1.160000000000001e+000	2.176836e-006	-5.017854e-006	-2.176797e-006	-1.053268e-005	-2.125327e-005	-4.172532e-005
1.170000000000001e+000	2.273565e-006	-5.224493e-006	-2.273524e-006	-1.094661e-005	-2.205518e-005	-4.324183e-005
1.180000000000001e+000	2.372528e-006	-5.435326e-006	-2.372487e-006	-1.136820e-005	-2.287079e-005	-4.478221e-005
1.190000000000001e+000	2.473726e-006	-5.650340e-006	-2.473683e-006	-1.179740e-005	-2.370002e-005	-4.634623e-005
1.200000000000001e+000	2.577156e-006	-5.869520e-006	-2.577113e-006	-1.223417e-005	-2.454278e-005	-4.793368e-005
1.210000000000001e+000	2.682817e-006	-6.092850e-006	-2.682773e-006	-1.267848e-005	-2.539897e-005	-4.954433e-005
1.220000000000001e+000	2.790708e-006	-6.320317e-006	-2.790662e-006	-1.313027e-005	-2.626850e-005	-5.117795e-005
1.230000000000001e+000	2.900825e-006	-6.551903e-006	-2.900778e-006	-1.358951e-005	-2.715129e-005	-5.283430e-005
1.240000000000001e+000	3.013167e-006	-6.787593e-006	-3.013119e-006	-1.405615e-005	-2.804724e-005	-5.451317e-005
1.250000000000001e+000	3.127732e-006	-7.027371e-006	-3.127683e-006	-1.453016e-005	-2.895626e-005	-5.621432e-005
1.260000000000001e+000	3.244515e-006	-7.271220e-006	-3.244465e-006	-1.501149e-005	-2.987825e-005	-5.793753e-005
1.270000000000001e+000	3.363515e-006	-7.519123e-006	-3.363464e-006	-1.550011e-005	-3.081313e-005	-5.968257e-005
1.280000000000001e+000	3.484729e-006	-7.771065e-006	-3.484676e-006	-1.599596e-005	-3.176081e-005	-6.144922e-005
1.290000000000001e+000	3.608152e-006	-8.027026e-006	-3.608098e-006	-1.649902e-005	-3.272118e-005	-6.323726e-005
1.300000000000001e+000	3.733781e-006	-8.286990e-006	-3.733727e-006	-1.700925e-005	-3.369417e-005	-6.504646e-005
1.310000000000001e+000	3.861614e-006	-8.550940e-006	-3.861558e-006	-1.752659e-005	-3.467967e-005	-6.687659e-005
1.320000000000001e+000	3.991644e-006	-8.818859e-006	-3.991588e-006	-1.805102e-005	-3.567759e-005	-6.872743e-005
1.330000000000001e+000	4.123870e-006	-9.090728e-006	-4.123812e-006	-1.858250e-005	-3.668785e-005	-7.059876e-005
1.340000000000001e+000	4.258286e-006	-9.366530e-006	-4.258227e-006	-1.912098e-005	-3.771035e-005	-7.249037e-005
1.350000000000001e+000	4.394888e-006	-9.646249e-006	-4.394828e-006	-1.966643e-005	-3.874499e-005	-7.440204e-005
1.360000000000001e+000	4.533672e-006	-9.929866e-006	-4.533611e-006	-2.021881e-005	-3.979169e-005	-7.633355e-005
1.370000000000001e+000	4.674633e-006	-1.021736e-005	-4.674571e-006	-2.077807e-005	-4.085035e-005	-7.828468e-005
1.380000000000001e+000	4.817766e-006	-1.050872e-005	-4.817703e-006	-2.134419e-005	-4.192089e-005	-8.025521e-005
1.390000000000001e+000	4.963067e-006	-1.080393e-005	-4.963003e-006	-2.191713e-005	-4.300320e-005	-8.224494e-005
1.400000000000001e+000	5.110530e-006	-1.110297e-005	-5.110465e-006	-2.249684e-005	-4.409720e-005	-8.425365e-005
1.410000000000001e+000	5.260151e-006	-1.140582e-005	-5.260085e-006	-2.308329e-005	-4.520279e-005	-8.628114e-005
1.420000000000001e+000	5.411924e-006	-1.171246e-005	-5.411857e-006	-2.367644e-005	-4.631989e-005	-8.832721e-005
1.430000000000001e+000	5.565844e-006	-1.202288e-005	-5.565776e-006	-2.427626e-005	-4.744840e-005	-9.039162e-005
1.440000000000001e+000	5.721905e-006	-1.233706e-005	-5.721836e-006	-2.488270e-005	-4.858822e-005	-9.247420e-005
1.450000000000001e+000	5.880103e-006	-1.265498e-005	-5.880033e-006	-2.549573e-005	-4.973928e-005	-9.457472e-005
1.460000000000001e+000	6.040431e-006	-1.297663e-005	-6.040360e-006	-2.611531e-005	-5.090148e-005	-9.669300e-005
1.470000000000001e+000	6.202885e-006	-1.330199e-005	-6.202813e-006	-2.674141e-005	-5.207472e-005	-9.882883e-005
1.480000000000001e+000	6.367457e-006	-1.363105e-005	-6.367385e-006	-2.737398e-005	-5.325893e-005	-1.009820e-004
1.490000000000001e+000	6.534144e-006	-1.396378e-005	-6.534071e-006	-2.801300e-005	-5.445399e-005	-1.031523e-004
1.500000000000001e+000	6.702938e-006	-1.430018e-005	-6.702864e-006	-2.865842e-005	-5.565985e-005	-1.053397e-004
1.510000000000001e+000	6.873834e-006	-1.464021e-005	-6.873759e-006	-2.931020e-005	-5.687638e-005	-1.075437e-004
1.520000000000001e+000	7.046826e-006	-1.498388e-005	-7.046750e-006	-2.996832e-005	-5.810352e-005	-1.097644e-004
1.530000000000001e+000	7.221909e-006	-1.533116e-005	-7.221832e-006	-3.063273e-005	-5.934117e-005	-1.120014e-004
1.540000000000001e+000	7.399075e-006	-1.568204e-005	-7.398998e-006	-3.130340e-005	-6.058925e-005	-1.142547e-004
1.550000000000001e+000	7.578320e-006	-1.603651e-005	-7.578241e-006	-3.198028e-005	-6.184766e-005	-1.165239e-004
1.560000000000001e+000	7.759637e-006	-1.639453e-005	-7.759557e-006	-3.266335e-005	-6.311632e-005	-1.188090e-004
1.570000000000001e+000	7.943019e-006	-1.675611e-005	-7.942939e-006	-3.335257e-005	-6.439514e-005	-1.211098e-004
1.580000000000001e+000	8.128462e-006	-1.712123e-005	-8.128381e-006	-3.404789e-005	-6.568404e-005	-1.234260e-004
1.590000000000001e+000	8.315958e-006	-1.748986e-005	-8.315876e-006	-3.474930e-005	-6.698293e-005	-1.257575e-004
1.600000000000001e+000	8.505502e-006	-1.786200e-005	-8.505419e-006	-3.545673e-005	-6.829172e-005	-1.281042e-004
1.610000000000001e+000	8.697088e-006	-1.823763e-005	-8.697004e-006	-3.617018e-005	-6.961034e-005	-1.304657e-004
1.620000000000001e+000	8.890708e-006	-1.861673e-005	-8.890624e-006	-3.688958e-005	-7.093869e-005	-1.328421e-004
1.630000000000001e+000	9.086358e-006	-1.899930e-005	-9.086272e-006	-3.761491e-005	-7.227669e-005	-1.352331e-004
1.640000000000001e+000	9.284030e-006	-1.938530e-005	-9.283944e-006	-3.834614e-005	-7.362426e-005	-1.376384e-004
1.650000000000001e+000	9.483720e-006	-1.977474e-005	-9.483632e-006	-3.908322e-005	-7.498131e-005	-1.400581e-004
1.660000000000001e+000	9.685419e-006	-2.016760e-005	-9.685332e-006	-3.982613e-005	-7.634777e-005	-1.424918e-004
1.670000000000001e+000	9.889123e-006	-2.056385e-005	-9.889035e-006	-4.057482e-005	-7.772355e-005	-1.449395e-004
1.680000000000001e+000	1.009483e-005	-2.096349e-005	-1.009474e-005	-4.132925e-005	-7.910856e-005	-1.474009e-004
1.690000000000001e+000	1.030252e-005	-2.136651e-005	-1.030243e-005	-4.208941e-005	-8.050274e-005	-1.498760e-004
1.700000000000001e+000	1.051220e-005	-2.177288e-005	-1.051211e-005	-4.285524e-005	-8.190599e-005	-1.523644e-004
1.710000000000001e+000	1.072386e-005	-2.218259e-005	-1.072377e-005	-4.362671e-005	-8.331825e-005	-1.548662e-004
1.720000000000001e+000	1.093749e-005	-2.259563e-005	-1.093740e-005	-4.440379e-005	-8.473942e-005	-1.573812e-004
1.730000000000001e+000	1.115309e-005	-2.301198e-005	-1.115300e-005	-4.518644e-005	-8.616943e-005	-1.599091e-004
1.740000000000001e+000	1.137066e-005	-2.343164e-005	-1.137056e-005	-4.597463e-005	-8.760820e-005	-1.624498e-004
1.750000000000001e+000	1.159017e-005	-2.385457e-005	-1.159008e-005	-4.676832e-005	-8.905566e-005	-1.650032e-004
1.760000000000001e+000	1.181164e-005	-2.428078e-005	-1.181154e-005	-4.756747e-005	-9.051173e-005	-1.675692e-004
1.770000000000001e+000	1.203505e-005	-2.471025e-005	-1.203495e-005	-4.837206e-005	-9.197633e-005	-1.701475e-004
1.780000000000001e+000	1.226039e-005	-2.514295e-005	-1.226030e-005	-4.918204e-005	-9.344938e-005	-1.727381e-004
1.790000000000001e+000	1.248767e-005	-2.557889e-005	-1.248758e-005	-4.999739e-005	-9.493082e-005	-1.753407e-004
1.800000000000001e+000	1.271687e-005	-2.601804e-005	-1.271678e-005	-5.081806e-005	-9.642055e-005	-1.779553e-004
1.810000000000001e+000	1.294799e-005	-2.646038e-005	-1.294790e-005	-5.164402e-005	-9.791852e-005	-1.805817e-004
1.820000000000001e+000	1.318103e-005	-2.690592e-005	-1.318093e-005	-5.247524e-005	-9.942464e-005	-1.832198e-004
1.830000000000001e+000	1.341597e-005	-2.735462e-005	-1.341587e-005	-5.331169e-005	-1.009389e-004	-1.858694e-004
1.840000000000001e+000	1.365281e-005	-2.780648e-005	-1.365272e-005	-5.415333e-005	-1.024611e-004	-1.885304e-004
1.850000000000001e+000	1.389155e-005	-2.826148e-005	-1.389145e-005	-5.500012e-005	-1.039912e-004	-1.912027e-004
1.860000000000001e+000	1.413218e-005	-2.871962e-005	-1.413208e-005	-5.585203e-005	-1.055293e-004	-1.938860e-004
1.870000000000001e+000	1.437469e-005	-2.918086e-005	-1.437459e-005	-5.670904e-005	-1.070751e-004	-1.965804e-004
1.880000000000001e+000	1.461908e-005	-2.964521e-005	-1.461898e-005	-5.757109e-005	-1.086286e-004	-1.992856e-004
1.890000000000002e+000	1.486534e-005	-3.011264e-005	-1.486523e-005	-5.843817e-005	-1.101898e-004	-2.020016e-004
1.900000000000002e+000	1.511346e-005	-3.058315e-005	-1.511336e-005	-5.931023e-005	-1.117586e-004	-2.047282e-004
1.910000000000002e+000	1.536345e-005	-3.105672e-005	-1.536334e-005	-6.018726e-005	-1.133349e-004	-2.074652e-004
1.920000000000002e+000	1.561529e-005	-3.153332e-005	-1.561519e-005	-6.106920e-005	-1.149187e-004	-2.102126e-004
1.930000000000002e+000	1.586898e-005	-3.201297e-005	-1.586887e-005	-6.195603e-005	-1.165098e-004	-2.129702e-004
1.940000000000002e+000	1.612451e-005	-3.249562e-005	-1.612440e-005	-6.284771e-005	-1.181083e-004	-2.157379e-004
1.950000000000002e+000	1.638188e-005	-3.298128e-005	-1.638177e-005	-6.374423e-005	-1.197140e-004	-2.185156e-004
1.960000000000002e+000	1.664108e-005	-3.346993e-005	-1.664097e-005	-6.464553e-005	-1.213268e-004	-2.213032e-004
1.970000000000002e+000	1.690210e-005	-3.396155e-005	-1.690200e-005	-6.555159e-005	-1.229468e-004	-2.241005e-004
1.980000000000002e+000	1.716495e-005	-3.445613e-005	-1.716485e-005	-6.646237e-005	-1.245739e-004	-2.269074e-004
1.990000000000002e+000	1.742961e-005	-3.495366e-005	-1.742951e-005	-6.737786e-005	-1.262079e-004	-2.297238e-004
2.000000000000001e+000	1.769608e-005	-3.545413e-005	-1.769598e-005	-6.829800e-005	-1.278489e-004	-2.325497e-004
2.010000000000001e+000	1.796435e-005	-3.595751e-005	-1.796425e-005	-6.922277e-005	-1.294967e-004	-2.353848e-004
2.020000000000001e+000	1.823443e-005	-3.646380e-005	-1.823432e-005	-7.015214e-005	-1.311513e-004	-2.382291e-004
2.030000000000001e+000	1.850629e-005	-3.697299e-005	-1.850618e-005	-7.108608e-005	-1.328126e-004	-2.410824e-004
2.040000000000001e+000	1.877994e-005	-3.748505e-005	-1.877983e-005	-7.202456e-005	-1.344806e-004	-2.439447e-004
2.050000000000000e+000	1.905537e-005	-3.799997e-005	-1.905526e-005	-7.296754e-005	-1.361552e-004	-2.468158e-004
2.060000000000000e+000	1.933258e-005	-3.851774e-005	-1.933247e-005	-7.391500e-005	-1.378364e-004	-2.496956e-004
2.070000000000000e+000	1.961155e-005	-3.903836e-005	-1.961145e-005	-7.486690e-005	-1.395240e-004	-2.525841e-004
2.080000000000000e+000	1.989229e-005	-3.956179e-005	-1.989219e-005	-7.582321e-005	-1.412181e-004	-2.554811e-004
2.089999999999999e+000	2.017479e-005	-4.008804e-005	-2.017469e-005	-7.678392e-005	-1.429186e-004	-2.583865e-004
2.099999999999999e+000	2.045905e-005	-4.061708e-005	-2.045894e-005	-7.774896e-005	-1.446253e-004	-2.613002e-004
2.109999999999999e+000	2.074505e-005	-4.114891e-005	-2.074494e-005	-7.871833e-005	-1.463383e-004	-2.642221e-004
2.119999999999999e+000	2.103279e-005	-4.168350e-005	-2.103269e-005	-7.969199e-005	-1.480575e-004	-2.671522e-004
2.129999999999999e+000	2.132228e-005	-4.222085e-005	-2.132217e-005	-8.066992e-005	-1.497828e-004	-2.700902e-004
2.139999999999998e+000	2.161349e-005	-4.276094e-005	-2.161338e-005	-8.165208e-005	-1.515142e-004	-2.730361e-004
2.149999999999998e+000	2.190643e-005	-4.330376e-005	-2.190632e-005	-8.263843e-005	-1.532516e-004	-2.759899e-004
2.159999999999998e+000	2.220109e-005	-4.384930e-005	-2.220098e-005	-8.362897e-005	-1.549950e-004	-2.789513e-004
2.169999999999998e+000	2.249747e-005	-4.439754e-005	-2.249736e-005	-8.462365e-005	-1.567443e-004	-2.819204e-004
2.179999999999998e+000	2.279555e-005	-4.494847e-005	-2.279544e-005	-8.562244e-005	-1.584994e-004	-2.848970e-004
2.189999999999997e+000	2.309534e-005	-4.550207e-005	-2.309523e-005	-8.662532e-005	-1.602603e-004	-2.878811e-004
2.199999999999997e+000	2.339683e-005	-4.605833e-005	-2.339672e-005	-8.763226e-005	-1.620270e-004	-2.908725e-004
2.209999999999997e+000	2.370002e-005	-4.661724e-005	-2.369991e-005	-8.864322e-005	-1.637994e-004	-2.938711e-004
2.219999999999997e+000	2.400489e-005	-4.717879e-005	-2.400478e-005	-8.965819e-005	-1.655774e-004	-2.968769e-004
2.229999999999996e+000	2.431145e-005	-4.774296e-005	-2.431134e-005	-9.067713e-005	-1.673610e-004	-2.998897e-004
2.239999999999996e+000	2.461969e-005	-4.830974e-005	-2.461957e-005	-9.170001e-005	-1.691501e-004	-3.029095e-004
2.249999999999996e+000	2.492959e-005	-4.887912e-005	-2.492948e-005	-9.272682e-005	-1.709446e-004	-3.059362e-004
2.259999999999996e+000	2.524117e-005	-4.945108e-005	-2.524106e-005	-9.375750e-005	-1.727447e-004	-3.089697e-004
2.269999999999996e+000	2.555441e-005	-5.002560e-005	-2.555429e-005	-9.479206e-005	-1.745500e-004	-3.120099e-004
2.279999999999995e+000	2.586930e-005	-5.060269e-005	-2.586919e-005	-9.583044e-005	-1.763607e-004	-3.150568e-004
2.289999999999995e+000	2.618585e-005	-5.118232e-005	-2.618573e-005	-9.687263e-005	-1.781767e-004	-3.181102e-004
2.299999999999995e+000	2.650404e-005	-5.176448e-005	-2.650393e-005	-9.791859e-005	-1.799979e-004	-3.211701e-004
2.309999999999995e+000	2.682387e-005	-5.234915e-005	-2.682376e-005	-9.896832e-005	-1.818242e-004	-3.242363e-004
2.319999999999995e+000	2.714534e-005	-5.293634e-005	-2.714523e-005	-1.000218e-004	-1.836557e-004	-3.273088e-004
2.329999999999994e+000	2.746844e-005	-5.352602e-005	-2.746833e-005	-1.010789e-004	-1.854923e-004	-3.303876e-004
2.339999999999994e+000	2.779317e-005	-5.411817e-005	-2.779305e-005	-1.021397e-004	-1.873339e-004	-3.334725e-004
2.349999999999994e+000	2.811951e-005	-5.471279e-005	-2.811940e-005	-1.032042e-004	-1.891804e-004	-3.365634e-004
2.359999999999994e+000	2.844747e-005	-5.530987e-005	-2.844736e-005	-1.042723e-004	-1.910319e-004	-3.396604e-004
2.369999999999993e+000	2.877704e-005	-5.590939e-005	-2.877693e-005	-1.053439e-004	-1.928883e-004	-3.427632e-004
2.379999999999993e+000	2.910821e-005	-5.651133e-005	-2.910810e-005	-1.064192e-004	-1.947494e-004	-3.458718e-004
2.389999999999993e+000	2.944099e-005	-5.711569e-005	-2.944087e-005	-1.074980e-004	-1.966154e-004	-3.489862e-004
2.399999999999993e+000	2.977535e-005	-5.772246e-005	-2.977524e-005	-1.085803e-004	-1.984861e-004	-3.521063e-004
2.409999999999993e+000	3.011131e-005	-5.833161e-005	-3.011119e-005	-1.096660e-004	-2.003616e-004	-3.552320e-004
2.419999999999992e+000	3.044885e-005	-5.894315e-005	-3.044873e-005	-1.107553e-004	-2.022416e-004	-3.583632e-004
2.429999999999992e+000	3.078796e-005	-5.955705e-005	-3.078785e-005	-1.118480e-004	-2.041263e-004	-3.614999e-004
2.439999999999992e+000	3.112865e-005	-6.017331e-005	-3.112854e-005	-1.129441e-004	-2.060155e-004	-3.646420e-004
2.449999999999992e+000	3.147091e-005	-6.079191e-005	-3.147080e-005	-1.140436e-004	-2.079092e-004	-3.677893e-004
2.459999999999992e+000	3.181474e-005	-6.141283e-005	-3.181462e-005	-1.151464e-004	-2.098074e-004	-3.709419e-004
2.469999999999991e+000	3.216011e-005	-6.203607e-005	-3.216000e-005	-1.162526e-004	-2.117101e-004	-3.740997e-004
2.479999999999991e+000	3.250704e-005	-6.266162e-005	-3.250693e-005	-1.173621e-004	-2.136171e-004	-3.772626e-004
2.489999999999991e+000	3.285552e-005	-6.328947e-005	-3.285541e-005	-1.184750e-004	-2.155285e-004	-3.804305e-004
2.499999999999991e+000	3.320554e-005	-6.391959e-005	-3.320543e-005	-1.195910e-004	-2.174441e-004	-3.836034e-004
2.509999999999991e+000	3.355710e-005	-6.455198e-005	-3.355699e-005	-1.207103e-004	-2.193640e-004	-3.867811e-004
2.519999999999990e+000	3.391019e-005	-6.518662e-005	-3.391007e-005	-1.218329e-004	-2.212881e-004	-3.899637e-004
2.529999999999990e+000	3.426481e-005	-6.582351e-005	-3.426469e-005	-1.229586e-004	-2.232164e-004	-3.931511e-004
2.539999999999990e+000	3.462094e-005	-6.646263e-005	-3.462083e-005	-1.240875e-004	-2.251488e-004	-3.963432e-004
2.549999999999990e+000	3.497860e-005	-6.710397e-005	-3.497848e-005	-1.252196e-004	-2.270853e-004	-3.995399e-004
2.559999999999989e+000	3.533776e-005	-6.774752e-005	-3.533765e-005	-1.263547e-004	-2.290259e-004	-4.027412e-004
2.569999999999989e+000	3.569843e-005	-6.839327e-005	-3.569832e-005	-1.274930e-004	-2.309705e-004	-4.059470e-004
2.579999999999989e+000	3.606061e-005	-6.904120e-005	-3.606049e-005	-1.286344e-004	-2.329190e-004	-4.091572e-004
2.589999999999989e+000	3.642428e-005	-6.969130e-005	-3.642416e-005	-1.297788e-004	-2.348714e-004	-4.123719e-004
2.599999999999989e+000	3.678944e-005	-7.034357e-005	-3.678932e-005	-1.309262e-004	-2.368278e-004	-4.155908e-004
2.609999999999988e+000	3.715608e-005	-7.099798e-005	-3.715597e-005	-1.320767e-004	-2.387880e-004	-4.188141e-004
2.619999999999988e+000	3.752421e-005	-7.165453e-005	-3.752409e-005	-1.332301e-004	-2.407520e-004	-4.220415e-004
2.629999999999988e+000	3.789381e-005	-7.231321e-005	-3.789369e-005	-1.343865e-004	-2.427198e-004	-4.252731e-004
2.639999999999988e+000	3.826488e-005	-7.297401e-005	-3.826477e-005	-1.355459e-004	-2.446913e-004	-4.285087e-004
2.649999999999988e+000	3.863742e-005	-7.363690e-005	-3.863731e-005	-1.367082e-004	-2.466665e-004	-4.317484e-004
2.659999999999987e+000	3.901142e-005	-7.430189e-005	-3.901131e-005	-1.378733e-004	-2.486453e-004	-4.349921e-004
2.669999999999987e+000	3.938687e-005	-7.496896e-005	-3.938676e-005	-1.390414e-004	-2.506278e-004	-4.382397e-004
2.679999999999987e+000	3.976378e-005	-7.563809e-005	-3.976366e-005	-1.402123e-004	-2.526139e-004	-4.414911e-004
2.689999999999987e+000	4.014213e-005	-7.630929e-005	-4.014201e-005	-1.413860e-004	-2.546035e-004	-4.447463e-004
2.699999999999986e+000	4.052192e-005	-7.698253e-005	-4.052180e-005	-1.425625e-004	-2.565966e-004	-4.480054e-004
2.709999999999986e+000	4.090314e-005	-7.765780e-005	-4.090303e-005	-1.437419e-004	-2.585932e-004	-4.512680e-004
2.719999999999986e+000	4.128580e-005	-7.833510e-005	-4.128568e-005	-1.449240e-004	-2.605933e-004	-4.545343e-004
2.729999999999986e+000	4.166988e-005	-7.901441e-005	-4.166977e-005	-1.461088e-004	-2.625967e-004	-4.578042e-004
2.739999999999986e+000	4.205538e-005	-7.969572e-005	-4.205526e-005	-1.472964e-004	-2.646035e-004	-4.610777e-004
2.749999999999985e+000	4.244230e-005	-8.037903e-005	-4.244218e-005	-1.484867e-004	-2.666137e-004	-4.643546e-004
2.759999999999985e+000	4.283062e-005	-8.106431e-005	-4.283051e-005	-1.496797e-004	-2.686271e-004	-4.676350e-004
2.769999999999985e+000	4.322036e-005	-8.175156e-005	-4.322024e-005	-1.508753e-004	-2.706438e-004	-4.709187e-004
2.779999999999985e+000	4.361149e-005	-8.244077e-005	-4.361137e-005	-1.520736e-004	-2.726637e-004	-4.742057e-004
2.789999999999985e+000	4.400401e-005	-8.313193e-005	-4.400390e-005	-1.532745e-004	-2.746869e-004	-4.774960e-004
2.799999999999984e+000	4.439793e-005	-8.382501e-005	-4.439782e-005	-1.544780e-004	-2.767132e-004	-4.807896e-004
2.809999999999984e+000	4.479323e-005	-8.452003e-005	-4.479312e-005	-1.556841e-004	-2.787426e-004	-4.840863e-004
2.819999999999984e+000	4.518992e-005	-8.521695e-005	-4.518980e-005	-1.568927e-004	-2.807751e-004	-4.873862e-004
2.829999999999984e+000	4.558797e-005	-8.591579e-005	-4.558786e-005	-1.581039e-004	-2.828107e-004	-4.906891e-004
2.839999999999983e+000	4.598740e-005	-8.661651e-005	-4.598729e-005	-1.593176e-004	-2.848493e-004	-4.939950e-004
2.849999999999983e+000	4.638820e-005	-8.731912e-005	-4.638808e-005	-1.605338e-004	-2.868909e-004	-4.973040e-004
2.859999999999983e+000	4.679035e-005	-8.802359e-005	-4.679024e-005	-1.617525e-004	-2.889354e-004	-5.006158e-004
2.869999999999983e+000	4.719386e-005	-8.872992e-005	-4.719375e-005	-1.629737e-004	-2.909829e-004	-5.039306e-004
2.879999999999983e+000	4.759873e-005	-8.943811e-005	-4.759861e-005	-1.641973e-004	-2.930333e-004	-5.072482e-004
2.889999999999982e+000	4.800493e-005	-9.014813e-005	-4.800482e-005	-1.654233e-004	-2.950866e-004	-5.105686e-004
2.899999999999982e+000	4.841248e-005	-9.085998e-005	-4.841236e-005	-1.666518e-004	-2.971427e-004	-5.138917e-004
2.909999999999982e+000	4.882136e-005	-9.157365e-005	-4.882125e-005	-1.678826e-004	-2.992016e-004	-5.172176e-004
2.919999999999982e+000	4.923158e-005	-9.228913e-005	-4.923146e-005	-1.691158e-004	-3.012633e-004	-5.205460e-004
2.929999999999982e+000	4.964312e-005	-9.300641e-005	-4.964300e-005	-1.703514e-004	-3.033277e-004	-5.238772e-004
2.939999999999981e+000	5.005598e-005	-9.372547e-005	-5.005586e-005	-1.715893e-004	-3.053949e-004	-5.272109e-004
2.949999999999981e+000	5.047016e-005	-9.444631e-005	-5.047004e-005	-1.728294e-004	-3.074647e-004	-5.305471e-004
2.959999999999981e+000	5.088565e-005	-9.516891e-005	-5.088553e-005	-1.740719e-004	-3.095372e-004	-5.338858e-004
2.969999999999981e+000	5.130244e-005	-9.589328e-005	-5.130233e-005	-1.753167e-004	-3.116124e-004	-5.372270e-004
2.979999999999980e+000	5.172054e-005	-9.661938e-005	-5.172042e-005	-1.765637e-004	-3.136901e-004	-5.405705e-004
2.989999999999980e+000	5.213993e-005	-9.734723e-005	-5.213982e-005	-1.778130e-004	-3.157704e-004	-5.439165e-004
2.999999999999980e+000	5.256062e-005	-9.807679e-005	-5.256051e-005	-1.790644e-004	-3.178532e-004	-5.472647e-004
3.009999999999980e+000	5.298259e-005	-9.880808e-005	-5.298248e-005	-1.803181e-004	-3.199385e-004	-5.506153e-004
3.019999999999980e+000	5.340585e-005	-9.954107e-005	-5.340574e-005	-1.815740e-004	-3.220263e-004	-5.539680e-004
3.029999999999979e+000	5.383038e-005	-1.002758e-004	-5.383027e-005	-1.828320e-004	-3.241166e-004	-5.573230e-004
3.039999999999979e+000	5.425619e-005	-1.010121e-004	-5.425607e-005	-1.840922e-004	-3.262093e-004	-5.606801e-004
3.049999999999979e+000	5.468326e-005	-1.017502e-004	-5.468315e-005	-1.853545e-004	-3.283044e-004	-5.640393e-004
3.059999999999979e+000	5.511160e-005	-1.024899e-004	-5.511149e-005	-1.866189e-004	-3.304019e-004	-5.674007e-004
3.069999999999979e+000	5.554119e-005	-1.032313e-004	-5.554108e-005	-1.878854e-004	-3.325017e-004	-5.707641e-004
3.079999999999978e+000	5.597204e-005	-1.039743e-004	-5.597193e-005	-1.891540e-004	-3.346039e-004	-5.741294e-004
3.089999999999978e+000	5.640414e-005	-1.047189e-004	-5.640402e-005	-1.904247e-004	-3.367083e-004	-5.774968e-004
3.099999999999978e+000	5.683748e-005	-1.054652e-004	-5.683737e-005	-1.916974e-004	-3.388149e-004	-5.808661e-004
3.109999999999978e+000	5.727206e-005	-1.062131e-004	-5.727195e-005	-1.929721e-004	-3.409239e-004	-5.842372e-004
3.119999999999978e+000	5.770787e-005	-1.069626e-004	-5.770776e-005	-1.942489e-004	-3.430350e-004	-5.876102e-004
3.129999999999977e+000	5.814492e-005	-1.077137e-004	-5.814480e-005	-1.955276e-004	-3.451483e-004	-5.909851e-004
3.139999999999977e+000	5.858318e-005	-1.084664e-004	-5.858307e-005	-1.968083e-004	-3.472638e-004	-5.943617e-004
3.149999999999977e+000	5.902267e-005	-1.092207e-004	-5.902256e-005	-1.980910e-004	-3.493814e-004	-5.977401e-004
3.159999999999977e+000	5.946337e-005	-1.099765e-004	-5.946326e-005	-1.993756e-004	-3.515010e-004	-6.011202e-004
3.169999999999976e+000	5.990529e-005	-1.107339e-004	-5.990518e-005	-2.006622e-004	-3.536228e-004	-6.045019e-004
3.179999999999976e+000	6.034841e-005	-1.114928e-004	-6.034830e-005	-2.019506e-004	-3.557467e-004	-6.078854e-004
3.189999999999976e+000	6.079273e-005	-1.122533e-004	-6.079262e-005	-2.032410e-004	-3.578725e-004	-6.112704e-004
3.199999999999976e+000	6.123825e-005	-1.130153e-004	-6.123813e-005	-2.045332e-004	-3.600004e-004	-6.146570e-004
3.209999999999976e+000	6.168496e-005	-1.137789e-004	-6.168485e-005	-2.058273e-004	-3.621303e-004	-6.180452e-004
3.219999999999975e+000	6.213285e-005	-1.145439e-004	-6.213274e-005	-2.071232e-004	-3.642621e-004	-6.214348e-004
3.229999999999975e+000	6.258193e-005	-1.153105e-004	-6.258182e-005	-2.084210e-004	-3.663958e-004	-6.248259e-004
3.239999999999975e+000	6.303219e-005	-1.160785e-004	-6.303207e-005	-2.097206e-004	-3.685314e-004	-6.282185e-004
3.249999999999975e+000	6.348361e-005	-1.168481e-004	-6.348350e-005	-2.110220e-004	-3.706690e-004	-6.316125e-004
3.259999999999975e+000	6.393621e-005	-1.176191e-004	-6.393610e-005	-2.123252e-004	-3.728084e-004	-6.350078e-004
3.269999999999974e+000	6.438997e-005	-1.183916e-004	-6.438986e-005	-2.136301e-004	-3.749496e-004	-6.384045e-004
3.279999999999974e+000	6.484489e-005	-1.191655e-004	-6.484478e-005	-2.149368e-004	-3.770926e-004	-6.418026e-004
3.289999999999974e+000	6.530096e-005	-1.199409e-004	-6.530085e-005	-2.162452e-004	-3.792374e-004	-6.452018e-004
3.299999999999974e+000	6.575818e-005	-1.207177e-004	-6.575807e-005	-2.175554e-004	-3.813840e-004	-6.486024e-004
3.309999999999973e+000	6.621655e-005	-1.214959e-004	-6.621645e-005	-2.188672e-004	-3.835323e-004	-6.520042e-004
3.319999999999973e+000	6.667606e-005	-1.222756e-004	-6.667595e-005	-2.201808e-004	-3.856824e-004	-6.554071e-004
3.329999999999973e+000	6.713671e-005	-1.230567e-004	-6.713660e-005	-2.214960e-004	-3.878341e-004	-6.588113e-004
3.339999999999973e+000	6.759848e-005	-1.238392e-004	-6.759838e-005	-2.228128e-004	-3.899875e-004	-6.622166e-004
3.349999999999973e+000	6.806138e-005	-1.246231e-004	-6.806127e-005	-2.241314e-004	-3.921426e-004	-6.656229e-004
3.359999999999972e+000	6.852541e-005	-1.254083e-004	-6.852530e-005	-2.254515e-004	-3.942993e-004	-6.690304e-004
3.369999999999972e+000	6.899055e-005	-1.261950e-004	-6.899044e-005	-2.267733e-004	-3.964576e-004	-6.724389e-004
3.379999999999972e+000	6.945680e-005	-1.269830e-004	-6.945669e-005	-2.280967e-004	-3.986175e-004	-6.758484e-004
3.389999999999972e+000	6.992416e-005	-1.277724e-004	-6.992406e-005	-2.294216e-004	-4.007790e-004	-6.792589e-004
3.399999999999972e+000	7.039263e-005	-1.285631e-004	-7.039252e-005	-2.307482e-004	-4.029420e-004	-6.826703e-004
3.409999999999971e+000	7.086220e-005	-1.293552e-004	-7.086209e-005	-2.320763e-004	-4.051065e-004	-6.860827e-004
3.419999999999971e+000	7.133286e-005	-1.301486e-004	-7.133275e-005	-2.334059e-004	-4.072725e-004	-6.894960e-004
3.429999999999971e+000	7.180461e-005	-1.309433e-004	-7.180450e-005	-2.347371e-004	-4.094400e-004	-6.929102e-004
3.439999999999971e+000	7.227744e-005	-1.317394e-004	-7.227733e-005	-2.360698e-004	-4.116090e-004	-6.963252e-004
3.449999999999970e+000	7.275135e-005	-1.325367e-004	-7.275125e-005	-2.374039e-004	-4.137794e-004	-6.997410e-004
3.459999999999970e+000	7.322634e-005	-1.333354e-004	-7.322623e-005	-2.387396e-004	-4.159512e-004	-7.031576e-004
3.469999999999970e+000	7.370241e-005	-1.341353e-004	-7.370230e-005	-2.400768e-004	-4.181244e-004	-7.065751e-004
3.479999999999970e+000	7.417954e-005	-1.349365e-004	-7.417944e-005	-2.414154e-004	-4.202990e-004	-7.099932e-004
3.489999999999970e+000	7.465774e-005	-1.357390e-004	-7.465763e-005	-2.427554e-004	-4.224749e-004	-7.134121e-004
3.499999999999969e+000	7.513699e-005	-1.365428e-004	-7.513688e-005	-2.440969e-004	-4.246522e-004	-7.168316e-004
3.509999999999969e+000	7.561730e-005	-1.373478e-004	-7.561719e-005	-2.454398e-004	-4.268308e-004	-7.202518e-004
3.519999999999969e+000	7.609865e-005	-1.381541e-004	-7.609854e-005	-2.467841e-004	-4.290107e-004	-7.236727e-004
3.529999999999969e+000	7.658105e-005	-1.389616e-004	-7.658095e-005	-2.481298e-004	-4.311918e-004	-7.270942e-004
3.539999999999969e+000	7.706450e-005	-1.397703e-004	-7.706439e-005	-2.494768e-004	-4.333743e-004	-7.305162e-004
3.549999999999968e+000	7.754898e-005	-1.405803e-004	-7.754887e-005	-2.508253e-004	-4.355579e-004	-7.339389e-004
3.559999999999968e+000	7.803449e-005	-1.413915e-004	-7.803438e-005	-2.521751e-004	-4.377428e-004	-7.373621e-004
3.569999999999968e+000	7.852102e-005	-1.422039e-004	-7.852091e-005	-2.535262e-004	-4.399289e-004	-7.407857e-004
3.579999999999968e+000	7.900858e-005	-1.430175e-004	-7.900847e-005	-2.548786e-004	-4.421161e-004	-7.442100e-004
3.589999999999967e+000	7.949716e-005	-1.438323e-004	-7.949705e-005	-2.562324e-004	-4.443045e-004	-7.476346e-004
3.599999999999967e+000	7.998676e-005	-1.446482e-004	-7.998665e-005	-2.575874e-004	-4.464941e-004	-7.510597e-004
3.609999999999967e+000	8.047736e-005	-1.454654e-004	-8.047725e-005	-2.589438e-004	-4.486848e-004	-7.544853e-004
3.619999999999967e+000	8.096897e-005	-1.462837e-004	-8.096886e-005	-2.603014e-004	-4.508765e-004	-7.579112e-004
3.629999999999967e+000	8.146157e-005	-1.471032e-004	-8.146147e-005	-2.616602e-004	-4.530694e-004	-7.613375e-004
3.639999999999966e+000	8.195518e-005	-1.479238e-004	-8.195507e-005	-2.630203e-004	-4.552634e-004	-7.647642e-004
3.649999999999966e+000	8.244978e-005	-1.487456e-004	-8.244967e-005	-2.643817e-004	-4.574584e-004	-7.681912e-004
3.659999999999966e+000	8.294536e-005	-1.495685e-004	-8.294525e-005	-2.657443e-004	-4.596544e-004	-7.716185e-004
3.669999999999966e+000	8.344193e-005	-1.503925e-004	-8.344182e-005	-2.671080e-004	-4.618514e-004	-7.750461e-004
3.679999999999966e+000	8.393948e-005	-1.512177e-004	-8.393938e-005	-2.684730e-004	-4.640495e-004	-7.784740e-004
3.689999999999965e+000	8.443800e-005	-1.520439e-004	-8.443790e-005	-2.698392e-004	-4.662485e-004	-7.819021e-004
3.699999999999965e+000	8.493750e-005	-1.528713e-004	-8.493739e-005	-2.712065e-004	-4.684485e-004	-7.853305e-004
3.709999999999965e+000	8.543796e-005	-1.536997e-004	-8.543785e-005	-2.725750e-004	-4.706494e-004	-7.887590e-004
3.719999999999965e+000	8.593938e-005	-1.545293e-004	-8.593927e-005	-2.739446e-004	-4.728512e-004	-7.921878e-004
3.729999999999965e+000	8.644176e-005	-1.553599e-004	-8.644166e-005	-2.753154e-004	-4.750540e-004	-7.956167e-004
3.739999999999964e+000	8.694510e-005	-1.561916e-004	-8.694499e-005	-2.766873e-004	-4.772577e-004	-7.990457e-004
3.749999999999964e+000	8.744938e-005	-1.570244e-004	-8.744928e-005	-2.780603e-004	-4.794622e-004	-8.024749e-004
3.759999999999964e+000	8.795461e-005	-1.578583e-004	-8.795450e-005	-2.794343e-004	-4.816676e-004	-8.059042e-004
3.769999999999964e+000	8.846077e-005	-1.586931e-004	-8.846067e-005	-2.808095e-004	-4.838738e-004	-8.093335e-004
3.779999999999963e+000	8.896788e-005	-1.595291e-004	-8.896778e-005	-2.821858e-004	-4.860809e-004	-8.127629e-004
3.789999999999963e+000	8.947592e-005	-1.603660e-004	-8.947581e-005	-2.835631e-004	-4.882888e-004	-8.161923e-004
3.799999999999963e+000	8.998488e-005	-1.612040e-004	-8.998478e-005	-2.849415e-004	-4.904974e-004	-8.196218e-004
3.809999999999963e+000	9.049477e-005	-1.620430e-004	-9.049467e-005	-2.863209e-004	-4.927069e-004	-8.230513e-004
3.819999999999963e+000	9.100558e-005	-1.628831e-004	-9.100548e-005	-2.877013e-004	-4.949171e-004	-8.264807e-004
3.829999999999962e+000	9.151731e-005	-1.637241e-004	-9.151721e-005	-2.890828e-004	-4.971281e-004	-8.299101e-004
3.839999999999962e+000	9.202994e-005	-1.645662e-004	-9.202984e-005	-2.904652e-004	-4.993397e-004	-8.333395e-004
3.849999999999962e+000	9.254349e-005	-1.654092e-004	-9.254339e-005	-2.918487e-004	-5.015521e-004	-8.367688e-004
3.859999999999962e+000	9.305793e-005	-1.662532e-004	-9.305783e-005	-2.932331e-004	-5.037652e-004	-8.401980e-004
3.869999999999962e+000	9.357328e-005	-1.670982e-004	-9.357317e-005	-2.946185e-004	-5.059790e-004	-8.436271e-004
3.879999999999961e+000	9.408952e-005	-1.679441e-004	-9.408942e-005	-2.960048e-004	-5.081935e-004	-8.470560e-004
3.889999999999961e+000	9.460665e-005	-1.687911e-004	-9.460655e-005	-2.973921e-004	-5.104085e-004	-8.504848e-004
3.899999999999961e+000	9.512467e-005	-1.696389e-004	-9.512457e-005	-2.987804e-004	-5.126243e-004	-8.539135e-004
3.909999999999961e+000	9.564357e-005	-1.704878e-004	-9.564347e-005	-3.001695e-004	-5.148406e-004	-8.573420e-004
3.919999999999960e+000	9.616334e-005	-1.713375e-004	-9.616324e-005	-3.015596e-004	-5.170576e-004	-8.607702e-004
3.929999999999960e+000	9.668399e-005	-1.721882e-004	-9.668389e-005	-3.029506e-004	-5.192752e-004	-8.641983e-004
3.939999999999960e+000	9.720552e-005	-1.730399e-004	-9.720542e-005	-3.043425e-004	-5.214933e-004	-8.676261e-004
3.949999999999960e+000	9.772791e-005	-1.738924e-004	-9.772780e-005	-3.057352e-004	-5.237120e-004	-8.710537e-004
3.959999999999960e+000	9.825116e-005	-1.747459e-004	-9.825105e-005	-3.071289e-004	-5.259312e-004	-8.744810e-004
3.969999999999959e+000	9.877526e-005	-1.756002e-004	-9.877516e-005	-3.085234e-004	-5.281511e-004	-8.779080e-004
3.979999999999959e+000	9.930022e-005	-1.764555e-004	-9.930012e-005	-3.099187e-004	-5.303714e-004	-8.813347e-004
3.989999999999959e+000	9.982604e-005	-1.773116e-004	-9.982593e-005	-3.113149e-004	-5.325922e-004	-8.847611e-004
3.999999999999959e+000	1.003527e-004	-1.781687e-004	-1.003526e-004	-3.127119e-004	-5.348134e-004	-8.881872e-004
4.009999999999959e+000	1.008802e-004	-1.790266e-004	-1.008801e-004	-3.141097e-004	-5.370352e-004	-8.916129e-004
4.019999999999959e+000	1.014085e-004	-1.798854e-004	-1.014084e-004	-3.155083e-004	-5.392575e-004	-8.950382e-004
4.029999999999959e+000	1.019377e-004	-1.807451e-004	-1.019376e-004	-3.169078e-004	-5.414801e-004	-8.984632e-004
4.039999999999958e+000	1.024677e-004	-1.816056e-004	-1.024676e-004	-3.183080e-004	-5.437033e-004	-9.018878e-004
4.049999999999958e+000	1.029985e-004	-1.824669e-004	-1.029984e-004	-3.197090e-004	-5.459268e-004	-9.053120e-004
4.059999999999958e+000	1.035302e-004	-1.833291e-004	-1.035301e-004	-3.211107e-004	-5.481507e-004	-9.087357e-004
4.069999999999958e+000	1.040627e-004	-1.841922e-004	-1.040626e-004	-3.225132e-004	-5.503751e-004	-9.121590e-004
4.079999999999957e+000	1.045959e-004	-1.850561e-004	-1.045958e-004	-3.239165e-004	-5.525998e-004	-9.155818e-004
4.089999999999957e+000	1.051300e-004	-1.859208e-004	-1.051299e-004	-3.253205e-004	-5.548249e-004	-9.190041e-004
4.099999999999957e+000	1.056649e-004	-1.867863e-004	-1.056648e-004	-3.267252e-004	-5.570503e-004	-9.224261e-004
4.109999999999957e+000	1.062006e-004	-1.876526e-004	-1.062005e-004	-3.281306e-004	-5.592761e-004	-9.258474e-004
4.119999999999957e+000	1.067371e-004	-1.885198e-004	-1.067370e-004	-3.295367e-004	-5.615022e-004	-9.292683e-004
4.129999999999956e+000	1.072744e-004	-1.893877e-004	-1.072743e-004	-3.309436e-004	-5.637287e-004	-9.326885e-004
4.139999999999956e+000	1.078125e-004	-1.902564e-004	-1.078124e-004	-3.323511e-004	-5.659554e-004	-9.361084e-004
4.149999999999956e+000	1.083514e-004	-1.911259e-004	-1.083513e-004	-3.337593e-004	-5.681824e-004	-9.395275e-004
4.159999999999956e+000	1.088910e-004	-1.919962e-004	-1.088909e-004	-3.351681e-004	-5.704097e-004	-9.429462e-004
4.169999999999956e+000	1.094315e-004	-1.928673e-004	-1.094314e-004	-3.365777e-004	-5.726373e-004	-9.463642e-004
4.179999999999955e+000	1.099727e-004	-1.937391e-004	-1.099726e-004	-3.379878e-004	-5.748651e-004	-9.497816e-004
4.189999999999955e+000	1.105146e-004	-1.946117e-004	-1.105145e-004	-3.393986e-004	-5.770931e-004	-9.531985e-004
4.199999999999955e+000	1.110574e-004	-1.954850e-004	-1.110573e-004	-3.408100e-004	-5.793214e-004	-9.566147e-004
4.209999999999955e+000	1.116009e-004	-1.963591e-004	-1.116008e-004	-3.422221e-004	-5.815499e-004	-9.600302e-004
4.219999999999955e+000	1.121452e-004	-1.972339e-004	-1.121451e-004	-3.436347e-004	-5.837785e-004	-9.634451e-004
4.229999999999954e+000	1.126902e-004	-1.981095e-004	-1.126901e-004	-3.450480e-004	-5.860074e-004	-9.668593e-004
4.239999999999954e+000	1.132360e-004	-1.989858e-004	-1.132359e-004	-3.464618e-004	-5.882365e-004	-9.702729e-004
4.249999999999954e+000	1.137825e-004	-1.998628e-004	-1.137824e-004	-3.478762e-004	-5.904657e-004	-9.736857e-004
4.259999999999954e+000	1.143298e-004	-2.007405e-004	-1.143297e-004	-3.492912e-004	-5.926951e-004	-9.770979e-004
4.269999999999953e+000	1.148778e-004	-2.016189e-004	-1.148777e-004	-3.507068e-004	-5.949246e-004	-9.805092e-004
4.279999999999953e+000	1.154266e-004	-2.024981e-004	-1.154265e-004	-3.521229e-004	-5.971542e-004	-9.839199e-004
4.289999999999953e+000	1.159761e-004	-2.033779e-004	-1.159760e-004	-3.535395e-004	-5.993840e-004	-9.873299e-004
4.299999999999953e+000	1.165263e-004	-2.042584e-004	-1.165262e-004	-3.549567e-004	-6.016138e-004	-9.907390e-004
4.309999999999953e+000	1.170772e-004	-2.051396e-004	-1.170771e-004	-3.563745e-004	-6.038438e-004	-9.941474e-004
4.319999999999952e+000	1.176289e-004	-2.060215e-004	-1.176288e-004	-3.577927e-004	-6.060738e-004	-9.975550e-004
4.329999999999952e+000	1.181813e-004	-2.069040e-004	-1.181812e-004	-3.592114e-004	-6.083039e-004	-1.000962e-003
4.339999999999952e+000	1.187344e-004	-2.077873e-004	-1.187343e-004	-3.606307e-004	-6.105341e-004	-1.004368e-003
4.349999999999952e+000	1.192882e-004	-2.086711e-004	-1.192881e-004	-3.620504e-004	-6.127643e-004	-1.007773e-003
4.359999999999952e+000	1.198427e-004	-2.095557e-004	-1.198426e-004	-3.634706e-004	-6.149946e-004	-1.011177e-003
4.369999999999951e+000	1.203979e-004	-2.104409e-004	-1.203979e-004	-3.648913e-004	-6.172248e-004	-1.014581e-003
4.379999999999951e+000	1.209539e-004	-2.113267e-004	-1.209538e-004	-3.663125e-004	-6.194552e-004	-1.017984e-003
4.389999999999951e+000	1.215105e-004	-2.122132e-004	-1.215104e-004	-3.677341e-004	-6.216855e-004	-1.021385e-003
4.399999999999951e+000	1.220678e-004	-2.131003e-004	-1.220677e-004	-3.691561e-004	-6.239158e-004	-1.024786e-003
4.409999999999950e+000	1.226258e-004	-2.139880e-004	-1.226257e-004	-3.705786e-004	-6.261460e-004	-1.028186e-003
4.419999999999950e+000	1.231845e-004	-2.148763e-004	-1.231845e-004	-3.720015e-004	-6.283763e-004	-1.031585e-003
4.429999999999950e+000	1.237439e-004	-2.157653e-004	-1.237438e-004	-3.734249e-004	-6.306065e-004	-1.034984e-003
4.439999999999950e+000	1.243040e-004	-2.166548e-004	-1.243039e-004	-3.748486e-004	-6.328367e-004	-1.038381e-003
4.449999999999950e+000	1.248647e-004	-2.175450e-004	-1.248646e-004	-3.762728e-004	-6.350668e-004	-1.041777e-003
4.459999999999949e+000	1.254261e-004	-2.184357e-004	-1.254260e-004	-3.776974e-004	-6.372968e-004	-1.045173e-003
4.469999999999949e+000	1.259882e-004	-2.193271e-004	-1.259881e-004	-3.791223e-004	-6.395268e-004	-1.048567e-003
4.479999999999949e+000	1.265510e-004	-2.202190e-004	-1.265509e-004	-3.805477e-004	-6.417566e-004	-1.051961e-003
4.489999999999949e+000	1.271144e-004	-2.211115e-004	-1.271143e-004	-3.819733e-004	-6.439864e-004	-1.055353e-003
4.499999999999949e+000	1.276784e-004	-2.220046e-004	-1.276784e-004	-3.833994e-004	-6.462161e-004	-1.058745e-003
4.509999999999948e+000	1.282432e-004	-2.228983e-004	-1.282431e-004	-3.848258e-004	-6.484456e-004	-1.062135e-003
4.519999999999948e+000	1.288085e-004	-2.237925e-004	-1.288085e-004	-3.862526e-004	-6.506750e-004	-1.065525e-003
4.529999999999948e+000	1.293746e-004	-2.246873e-004	-1.293745e-004	-3.876797e-004	-6.529043e-004	-1.068913e-003
4.539999999999948e+000	1.299412e-004	-2.255826e-004	-1.299412e-004	-3.891072e-004	-6.551334e-004	-1.072301e-003
4.549999999999947e+000	1.305086e-004	-2.264784e-004	-1.305085e-004	-3.905350e-004	-6.573623e-004	-1.075687e-003
4.559999999999947e+000	1.310765e-004	-2.273749e-004	-1.310764e-004	-3.919631e-004	-6.595911e-004	-1.079072e-003
4.569999999999947e+000	1.316451e-004	-2.282718e-004	-1.316450e-004	-3.933914e-004	-6.618197e-004	-1.082457e-003
4.579999999999947e+000	1.322143e-004	-2.291693e-004	-1.322142e-004	-3.948201e-004	-6.640481e-004	-1.085840e-003
4.589999999999947e+000	1.327842e-004	-2.300673e-004	-1.327841e-004	-3.962491e-004	-6.662764e-004	-1.089222e-003
4.599999999999946e+000	1.333546e-004	-2.309658e-004	-1.333545e-004	-3.976784e-004	-6.685044e-004	-1.092603e-003
4.609999999999946e+000	1.339257e-004	-2.318648e-004	-1.339256e-004	-3.991080e-004	-6.707322e-004	-1.095983e-003
4.619999999999946e+000	1.344974e-004	-2.327644e-004	-1.344973e-004	-4.005378e-004	-6.729597e-004	-1.099362e-003
4.629999999999946e+000	1.350698e-004	-2.336644e-004	-1.350697e-004	-4.019679e-004	-6.751870e-004	-1.102740e-003
4.639999999999946e+000	1.356427e-004	-2.345649e-004	-1.356426e-004	-4.033982e-004	-6.774141e-004	-1.106117e-003
4.649999999999945e+000	1.362162e-004	-2.354660e-004	-1.362161e-004	-4.048288e-004	-6.796410e-004	-1.109492e-003
4.659999999999945e+000	1.367904e-004	-2.363675e-004	-1.367903e-004	-4.062597e-004	-6.818675e-004	-1.112867e-003
4.669999999999945e+000	1.373651e-004	-2.372695e-004	-1.373650e-004	-4.076907e-004	-6.840938e-004	-1.116240e-003
4.679999999999945e+000	1.379405e-004	-2.381720e-004	-1.379404e-004	-4.091220e-004	-6.863198e-004	-1.119612e-003
4.689999999999944e+000	1.385164e-004	-2.390749e-004	-1.385163e-004	-4.105535e-004	-6.885455e-004	-1.122983e-003
4.699999999999944e+000	1.390930e-004	-2.399783e-004	-1.390929e-004	-4.119853e-004	-6.907710e-004	-1.126353e-003
4.709999999999944e+000	1.396701e-004	-2.408822e-004	-1.396700e-004	-4.134172e-004	-6.929961e-004	-1.129721e-003
4.719999999999944e+000	1.402478e-004	-2.417866e-004	-1.402477e-004	-4.148493e-004	-6.952208e-004	-1.133089e-003
4.729999999999944e+000	1.408261e-004	-2.426913e-004	-1.408260e-004	-4.162816e-004	-6.974453e-004	-1.136455e-003
4.739999999999943e+000	1.414050e-004	-2.435966e-004	-1.414049e-004	-4.177141e-004	-6.996695e-004	-1.139820e-003
4.749999999999943e+000	1.419844e-004	-2.445022e-004	-1.419843e-004	-4.191468e-004	-7.018932e-004	-1.143184e-003
4.759999999999943e+000	1.425644e-004	-2.454084e-004	-1.425643e-004	-4.205797e-004	-7.041167e-004	-1.146546e-003
4.769999999999943e+000	1.431450e-004	-2.463149e-004	-1.431449e-004	-4.220126e-004	-7.063398e-004	-1.149907e-003
4.779999999999943e+000	1.437262e-004	-2.472218e-004	-1.437261e-004	-4.234458e-004	-7.085624e-004	-1.153268e-003
4.789999999999942e+000	1.443079e-004	-2.481292e-004	-1.443078e-004	-4.248791e-004	-7.107848e-004	-1.156626e-003
4.799999999999942e+000	1.448902e-004	-2.490371e-004	-1.448901e-004	-4.263126e-004	-7.130067e-004	-1.159984e-003
4.809999999999942e+000	1.454730e-004	-2.499453e-004	-1.454729e-004	-4.277462e-004	-7.152283e-004	-1.163340e-003
4.819999999999942e+000	1.460564e-004	-2.508539e-004	-1.460563e-004	-4.291799e-004	-7.174495e-004	-1.166695e-003
4.829999999999942e+000	1.466404e-004	-2.517629e-004	-1.466403e-004	-4.306137e-004	-7.196702e-004	-1.170049e-003
4.839999999999941e+000	1.472249e-004	-2.526723e-004	-1.472248e-004	-4.320476e-004	-7.218905e-004	-1.173401e-003
4.849999999999941e+000	1.478099e-004	-2.535821e-004	-1.478098e-004	-4.334817e-004	-7.241104e-004	-1.176752e-003
4.859999999999941e+000	1.483955e-004	-2.544923e-004	-1.483954e-004	-4.349159e-004	-7.263299e-004	-1.180102e-003
4.869999999999941e+000	1.489816e-004	-2.554029e-004	-1.489815e-004	-4.363501e-004	-7.285489e-004	-1.183451e-003
4.879999999999940e+000	1.495682e-004	-2.563139e-004	-1.495681e-004	-4.377844e-004	-7.307675e-004	-1.186798e-003
4.889999999999940e+000	1.501554e-004	-2.572252e-004	-1.501553e-004	-4.392188e-004	-7.329856e-004	-1.190144e-003
4.899999999999940e+000	1.507431e-004	-2.581369e-004	-1.507430e-004	-4.406533e-004	-7.352033e-004	-1.193488e-003
4.909999999999940e+000	1.513314e-004	-2.590490e-004	-1.513313e-004	-4.420879e-004	-7.374205e-004	-1.196832e-003
4.919999999999940e+000	1.519201e-004	-2.599614e-004	-1.519200e-004	-4.435225e-004	-7.396371e-004	-1.200174e-003
4.929999999999939e+000	1.525094e-004	-2.608742e-004	-1.525093e-004	-4.449572e-004	-7.418534e-004	-1.203514e-003
4.939999999999939e+000	1.530992e-004	-2.617873e-004	-1.530991e-004	-4.463919e-004	-7.440691e-004	-1.206853e-003
4.949999999999939e+000	1.536895e-004	-2.627008e-004	-1.536895e-004	-4.478267e-004	-7.462843e-004	-1.210191e-003
4.959999999999939e+000	1.542804e-004	-2.636146e-004	-1.542803e-004	-4.492615e-004	-7.484990e-004	-1.213527e-003
4.969999999999939e+000	1.548717e-004	-2.645288e-004	-1.548716e-004	-4.506963e-004	-7.507132e-004	-1.216862e-003
4.979999999999938e+000	1.554636e-004	-2.654432e-004	-1.554635e-004	-4.521311e-004	-7.529269e-004	-1.220196e-003
4.989999999999938e+000	1.560559e-004	-2.663581e-004	-1.560558e-004	-4.535660e-004	-7.551400e-004	-1.223528e-003
5.000000000000000e+000	1.566487e-004	-2.672732e-004	-1.566487e-004	-4.550009e-004	-7.573526e-004	-1.226859e-003
