v2	Ix(U1:DRAIN)	Ix(U5:VDD)	Ix(U6:VDD)	Ix(U7:VDD)	Ix(U8:VDD)	Ix(U9:VDD)
0.000000000000000e+000	7.786239e-012	-7.850521e-012	-7.786240e-012	-7.887771e-012	-7.981970e-012	-8.325628e-012
1.000000000000000e-002	7.800586e-012	-7.874748e-012	-7.800585e-012	-7.922711e-012	-8.048283e-012	-8.496373e-012
2.000000000000000e-002	7.815745e-012	-7.901056e-012	-7.815734e-012	-7.962641e-012	-8.128940e-012	-8.710917e-012
3.000000000000000e-002	7.831740e-012	-7.929719e-012	-7.831731e-012	-8.008622e-012	-8.227544e-012	-8.980811e-012
4.000000000000000e-002	7.848644e-012	-7.961093e-012	-7.848634e-012	-8.062004e-012	-8.348701e-012	-9.320743e-012
5.000000000000000e-002	7.866547e-012	-7.995646e-012	-7.866541e-012	-8.124519e-012	-8.498233e-012	-9.749394e-012
6.000000000000001e-002	7.885572e-012	-8.033977e-012	-7.885567e-012	-8.198389e-012	-8.683558e-012	-1.029054e-011
7.000000000000001e-002	7.905883e-012	-8.076874e-012	-7.905878e-012	-8.286450e-012	-8.914070e-012	-1.097446e-011
8.000000000000000e-002	7.927698e-012	-8.125356e-012	-7.927695e-012	-8.392309e-012	-9.201714e-012	-1.183978e-011
9.000000000000000e-002	7.951299e-012	-8.180720e-012	-7.951298e-012	-8.520559e-012	-9.561654e-012	-1.293580e-011
9.999999999999999e-002	7.977056e-012	-8.244632e-012	-7.977061e-012	-8.677040e-012	-1.001316e-011	-1.432548e-011
1.100000000000000e-001	8.005442e-012	-8.319219e-012	-8.005450e-012	-8.869152e-012	-1.058074e-011	-1.608934e-011
1.200000000000000e-001	8.037066e-012	-8.407205e-012	-8.037081e-012	-9.106324e-012	-1.129557e-011	-1.833040e-011
1.300000000000000e-001	8.072707e-012	-8.512030e-012	-8.072729e-012	-9.400473e-012	-1.219735e-011	-2.118060e-011
1.400000000000000e-001	8.113357e-012	-8.638089e-012	-8.113387e-012	-9.766742e-012	-1.333665e-011	-2.480905e-011
1.500000000000000e-001	8.160279e-012	-8.790959e-012	-8.160316e-012	-1.022434e-011	-1.477798e-011	-2.943270e-011
1.600000000000000e-001	8.215074e-012	-8.977702e-012	-8.215120e-012	-1.079767e-011	-1.660363e-011	-3.533003e-011
1.700000000000000e-001	8.279771e-012	-9.207263e-012	-8.279827e-012	-1.151768e-011	-1.891870e-011	-4.285887e-011
1.800000000000000e-001	8.356938e-012	-9.490993e-012	-8.357007e-012	-1.242371e-011	-2.185751e-011	-5.247928e-011
1.900000000000000e-001	8.449822e-012	-9.843242e-012	-8.449905e-012	-1.356581e-011	-2.559184e-011	-6.478327e-011
2.000000000000000e-001	8.562516e-012	-1.028220e-011	-8.562617e-012	-1.500760e-011	-3.034158e-011	-8.053316e-011
2.100000000000001e-001	8.700186e-012	-1.083087e-011	-8.700299e-012	-1.683013e-011	-3.638837e-011	-1.007113e-010
2.200000000000001e-001	8.869338e-012	-1.151845e-011	-8.869469e-012	-1.913665e-011	-4.409320e-011	-1.265845e-010
2.300000000000001e-001	9.078175e-012	-1.238193e-011	-9.078328e-012	-2.205881e-011	-5.391912e-011	-1.597876e-010
2.400000000000001e-001	9.337024e-012	-1.346820e-011	-9.337194e-012	-2.576458e-011	-6.646049e-011	-2.024317e-010
2.500000000000001e-001	9.658899e-012	-1.483683e-011	-9.659089e-012	-3.046844e-011	-8.248076e-011	-2.572449e-010
2.600000000000001e-001	1.006020e-011	-1.656344e-011	-1.006041e-011	-3.644443e-011	-1.029612e-010	-3.277549e-010
2.700000000000001e-001	1.056159e-011	-1.874417e-011	-1.056183e-011	-4.404293e-011	-1.291639e-010	-4.185262e-010
2.800000000000001e-001	1.118917e-011	-2.150128e-011	-1.118943e-011	-5.371222e-011	-1.627131e-010	-5.354689e-010
2.900000000000001e-001	1.197586e-011	-2.499043e-011	-1.197615e-011	-6.602620e-011	-2.057008e-010	-6.862399e-010
3.000000000000001e-001	1.296326e-011	-2.940980e-011	-1.296357e-011	-8.172008e-011	-2.608225e-010	-8.807647e-010
3.100000000000001e-001	1.420395e-011	-3.501203e-011	-1.420429e-011	-1.017363e-010	-3.315539e-010	-1.131918e-009
3.200000000000001e-001	1.576448e-011	-4.211926e-011	-1.576484e-011	-1.272835e-010	-4.223793e-010	-1.456407e-009
3.300000000000001e-001	1.772906e-011	-5.114256e-011	-1.772944e-011	-1.599131e-010	-5.390873e-010	-1.875929e-009
3.400000000000001e-001	2.020439e-011	-6.260679e-011	-2.020479e-011	-2.016170e-010	-6.891547e-010	-2.418666e-009
3.500000000000001e-001	2.332569e-011	-7.718247e-011	-2.332611e-011	-2.549548e-010	-8.822442e-010	-3.121251e-009
3.600000000000002e-001	2.726449e-011	-9.572668e-011	-2.726492e-011	-3.232165e-010	-1.130849e-009	-4.031312e-009
3.700000000000002e-001	3.223844e-011	-1.193356e-010	-3.223888e-011	-4.106341e-010	-1.451130e-009	-5.210800e-009
3.800000000000002e-001	3.852391e-011	-1.494118e-010	-3.852436e-011	-5.226535e-010	-1.864004e-009	-6.740311e-009
3.900000000000002e-001	4.647199e-011	-1.877511e-010	-4.647245e-011	-6.662860e-010	-2.396551e-009	-8.724724e-009
4.000000000000002e-001	5.652893e-011	-2.366535e-010	-5.652939e-011	-8.505624e-010	-3.083844e-009	-1.130052e-008
4.100000000000002e-001	6.926217e-011	-2.990663e-010	-6.926264e-011	-1.087120e-009	-3.971325e-009	-1.464529e-008
4.200000000000002e-001	8.539362e-011	-3.787677e-010	-8.539408e-011	-1.390959e-009	-5.117880e-009	-1.899004e-008
4.300000000000002e-001	1.058420e-010	-4.806031e-010	-1.058424e-010	-1.781422e-009	-6.599830e-009	-2.463513e-008
4.400000000000002e-001	1.317769e-010	-6.107879e-010	-1.317773e-010	-2.283458e-009	-8.516089e-009	-3.197073e-008
4.500000000000002e-001	1.646877e-010	-7.772976e-010	-1.646881e-010	-2.929248e-009	-1.099484e-008	-4.150307e-008
4.600000000000002e-001	2.064717e-010	-9.903671e-010	-2.064718e-010	-3.760311e-009	-1.420216e-008	-5.388779e-008
4.700000000000003e-001	2.595453e-010	-1.263132e-009	-2.595452e-010	-4.830205e-009	-1.835304e-008	-6.997197e-008
4.800000000000003e-001	3.269870e-010	-1.612452e-009	-3.269865e-010	-6.208004e-009	-2.372564e-008	-9.084652e-008
4.900000000000003e-001	4.127173e-010	-2.059955e-009	-4.127163e-010	-7.982756e-009	-3.067931e-008	-1.179103e-007
5.000000000000002e-001	5.217281e-010	-2.633384e-009	-5.217259e-010	-1.026917e-008	-3.967752e-008	-1.529470e-007
5.100000000000002e-001	6.603709e-010	-3.368293e-009	-6.603670e-010	-1.321489e-008	-5.131655e-008	-1.982147e-007
5.200000000000002e-001	8.367206e-010	-4.310208e-009	-8.367139e-010	-1.700962e-008	-6.636112e-008	-2.565456e-007
5.300000000000003e-001	1.061030e-009	-5.517339e-009	-1.061019e-009	-2.189669e-008	-8.578775e-008	-3.314519e-007
5.400000000000003e-001	1.346297e-009	-7.063982e-009	-1.346278e-009	-2.818737e-008	-1.108365e-007	-4.272274e-007
5.500000000000003e-001	1.708957e-009	-9.044718e-009	-1.708927e-009	-3.627844e-008	-1.430711e-007	-5.490322e-007
5.600000000000003e-001	2.169740e-009	-1.157958e-008	-2.169691e-009	-4.667349e-008	-1.844451e-007	-7.029433e-007
5.700000000000003e-001	2.754687e-009	-1.482028e-008	-2.754609e-009	-6.000796e-008	-2.373712e-007	-8.959516e-007
5.800000000000003e-001	3.496364e-009	-1.895757e-008	-3.496241e-009	-7.707794e-008	-3.047867e-007	-1.135890e-006
5.900000000000003e-001	4.435263e-009	-2.422980e-008	-4.435072e-009	-9.887172e-008	-3.902047e-007	-1.431285e-006
6.000000000000003e-001	5.621382e-009	-3.093250e-008	-5.621090e-009	-1.266026e-007	-4.977374e-007	-1.791137e-006
6.100000000000003e-001	7.115963e-009	-3.942871e-008	-7.115522e-009	-1.617400e-007	-6.320773e-007	-2.224652e-006
6.200000000000003e-001	8.993314e-009	-5.015967e-008	-8.992664e-009	-2.060346e-007	-7.984212e-007	-2.740943e-006
6.300000000000003e-001	1.134266e-008	-6.365506e-008	-1.134172e-008	-2.615323e-007	-1.002332e-006	-3.348747e-006
6.400000000000004e-001	1.426994e-008	-8.054203e-008	-1.426862e-008	-3.305713e-007	-1.249543e-006	-4.056183e-006
6.500000000000004e-001	1.789941e-008	-1.015520e-007	-1.789762e-008	-4.157566e-007	-1.545724e-006	-4.870553e-006
6.600000000000004e-001	2.237511e-008	-1.275242e-007	-2.237273e-008	-5.199091e-007	-1.896237e-006	-5.798217e-006
6.700000000000004e-001	2.786198e-008	-1.594054e-007	-2.785892e-008	-6.459904e-007	-2.305931e-006	-6.844523e-006
6.800000000000004e-001	3.454675e-008	-1.982450e-007	-3.454296e-008	-7.970073e-007	-2.778985e-006	-8.013792e-006
6.900000000000004e-001	4.263861e-008	-2.451849e-007	-4.263406e-008	-9.759057e-007	-3.318829e-006	-9.309346e-006
7.000000000000004e-001	5.236939e-008	-3.014439e-007	-5.236412e-008	-1.185465e-006	-3.928140e-006	-1.073356e-005
7.100000000000004e-001	6.399368e-008	-3.682979e-007	-6.398776e-008	-1.428207e-006	-4.608880e-006	-1.228797e-005
7.200000000000004e-001	7.778831e-008	-4.470542e-007	-7.778190e-008	-1.706322e-006	-5.362385e-006	-1.397334e-005
7.300000000000004e-001	9.405162e-008	-5.390233e-007	-9.404491e-008	-2.021627e-006	-6.189454e-006	-1.578979e-005
7.400000000000004e-001	1.131024e-007	-6.454895e-007	-1.130956e-007	-2.375558e-006	-7.090448e-006	-1.773695e-005
7.500000000000004e-001	1.352781e-007	-7.676815e-007	-1.352715e-007	-2.769174e-006	-8.065379e-006	-1.981399e-005
7.600000000000005e-001	1.609337e-007	-9.067458e-007	-1.609275e-007	-3.203201e-006	-9.113985e-006	-2.201981e-005
7.700000000000005e-001	1.904387e-007	-1.063726e-006	-1.904331e-007	-3.678074e-006	-1.023581e-005	-2.435313e-005
7.800000000000005e-001	2.241754e-007	-1.239545e-006	-2.241705e-007	-4.193988e-006	-1.143023e-005	-2.681251e-005
7.900000000000005e-001	2.625357e-007	-1.434996e-006	-2.625316e-007	-4.750956e-006	-1.269654e-005	-2.939649e-005
8.000000000000005e-001	3.059181e-007	-1.650740e-006	-3.059147e-007	-5.348842e-006	-1.403394e-005	-3.210362e-005
8.100000000000005e-001	3.547245e-007	-1.887303e-006	-3.547216e-007	-5.987412e-006	-1.544163e-005	-3.493248e-005
8.200000000000005e-001	4.093565e-007	-2.145089e-006	-4.093541e-007	-6.666354e-006	-1.691876e-005	-3.788168e-005
8.300000000000005e-001	4.702125e-007	-2.424384e-006	-4.702102e-007	-7.385308e-006	-1.846448e-005	-4.094990e-005
8.400000000000005e-001	5.376839e-007	-2.725371e-006	-5.376814e-007	-8.143880e-006	-2.007797e-005	-4.413588e-005
8.500000000000005e-001	6.121522e-007	-3.048146e-006	-6.121493e-007	-8.941655e-006	-2.175843e-005	-4.743839e-005
8.600000000000005e-001	6.939862e-007	-3.392729e-006	-6.939826e-007	-9.778210e-006	-2.350506e-005	-5.085621e-005
8.700000000000006e-001	7.835396e-007	-3.759079e-006	-7.835350e-007	-1.065311e-005	-2.531712e-005	-5.438818e-005
8.800000000000006e-001	8.811490e-007	-4.147108e-006	-8.811430e-007	-1.156593e-005	-2.719390e-005	-5.803309e-005
8.900000000000006e-001	9.871318e-007	-4.556686e-006	-9.871238e-007	-1.251623e-005	-2.913472e-005	-6.178977e-005
9.000000000000006e-001	1.101785e-006	-4.987661e-006	-1.101775e-006	-1.350359e-005	-3.113893e-005	-6.565700e-005
9.100000000000006e-001	1.225385e-006	-5.439854e-006	-1.225372e-006	-1.452759e-005	-3.320592e-005	-6.963356e-005
9.200000000000006e-001	1.358185e-006	-5.913078e-006	-1.358169e-006	-1.558781e-005	-3.533509e-005	-7.371818e-005
9.300000000000006e-001	1.500419e-006	-6.407131e-006	-1.500399e-006	-1.668385e-005	-3.752587e-005	-7.790959e-005
9.400000000000006e-001	1.652298e-006	-6.921812e-006	-1.652273e-006	-1.781532e-005	-3.977772e-005	-8.220646e-005
9.500000000000006e-001	1.814011e-006	-7.456913e-006	-1.813981e-006	-1.898182e-005	-4.209011e-005	-8.660746e-005
9.600000000000006e-001	1.985728e-006	-8.012229e-006	-1.985692e-006	-2.018299e-005	-4.446251e-005	-9.111121e-005
9.700000000000006e-001	2.167599e-006	-8.587556e-006	-2.167556e-006	-2.141846e-005	-4.689441e-005	-9.571632e-005
9.800000000000007e-001	2.359756e-006	-9.182693e-006	-2.359707e-006	-2.268788e-005	-4.938529e-005	-1.004214e-004
9.900000000000007e-001	2.562314e-006	-9.797444e-006	-2.562257e-006	-2.399093e-005	-5.193464e-005	-1.052249e-004
1.000000000000001e+000	2.775372e-006	-1.043162e-005	-2.775307e-006	-2.532727e-005	-5.454195e-005	-1.101255e-004
1.010000000000001e+000	2.999014e-006	-1.108502e-005	-2.998940e-006	-2.669660e-005	-5.720671e-005	-1.151217e-004
1.020000000000001e+000	3.233311e-006	-1.175747e-005	-3.233227e-006	-2.809861e-005	-5.992838e-005	-1.202120e-004
1.030000000000001e+000	3.478320e-006	-1.244879e-005	-3.478227e-006	-2.953301e-005	-6.270644e-005	-1.253948e-004
1.040000000000001e+000	3.734089e-006	-1.315881e-005	-3.733985e-006	-3.099954e-005	-6.554034e-005	-1.306689e-004
1.050000000000001e+000	4.000654e-006	-1.388735e-005	-4.000539e-006	-3.249792e-005	-6.842955e-005	-1.360325e-004
1.060000000000001e+000	4.278043e-006	-1.463424e-005	-4.277917e-006	-3.402790e-005	-7.137351e-005	-1.414844e-004
1.070000000000001e+000	4.566275e-006	-1.539934e-005	-4.566136e-006	-3.558922e-005	-7.437164e-005	-1.470229e-004
1.080000000000001e+000	4.865359e-006	-1.618246e-005	-4.865208e-006	-3.718165e-005	-7.742338e-005	-1.526466e-004
1.090000000000001e+000	5.175302e-006	-1.698348e-005	-5.175137e-006	-3.880493e-005	-8.052817e-005	-1.583540e-004
1.100000000000001e+000	5.496099e-006	-1.780223e-005	-5.495921e-006	-4.045886e-005	-8.368540e-005	-1.641437e-004
1.110000000000001e+000	5.827743e-006	-1.863857e-005	-5.827551e-006	-4.214319e-005	-8.689449e-005	-1.700142e-004
1.120000000000001e+000	6.170221e-006	-1.949236e-005	-6.170014e-006	-4.385771e-005	-9.015485e-005	-1.759641e-004
1.130000000000001e+000	6.523513e-006	-2.036347e-005	-6.523291e-006	-4.560219e-005	-9.346586e-005	-1.819920e-004
1.140000000000001e+000	6.887597e-006	-2.125177e-005	-6.887360e-006	-4.737642e-005	-9.682694e-005	-1.880964e-004
1.150000000000001e+000	7.262446e-006	-2.215712e-005	-7.262193e-006	-4.918017e-005	-1.002375e-004	-1.942760e-004
1.160000000000001e+000	7.648028e-006	-2.307942e-005	-7.647761e-006	-5.101322e-005	-1.036968e-004	-2.005295e-004
1.170000000000001e+000	8.044311e-006	-2.401853e-005	-8.044028e-006	-5.287537e-005	-1.072044e-004	-2.068553e-004
1.180000000000001e+000	8.451258e-006	-2.497435e-005	-8.450957e-006	-5.476639e-005	-1.107596e-004	-2.132523e-004
1.190000000000001e+000	8.868828e-006	-2.594677e-005	-8.868512e-006	-5.668607e-005	-1.143618e-004	-2.197191e-004
1.200000000000001e+000	9.296979e-006	-2.693568e-005	-9.296647e-006	-5.863418e-005	-1.180105e-004	-2.262544e-004
1.210000000000001e+000	9.735668e-006	-2.794099e-005	-9.735320e-006	-6.061051e-005	-1.217049e-004	-2.328569e-004
1.220000000000001e+000	1.018485e-005	-2.896258e-005	-1.018448e-005	-6.261483e-005	-1.254444e-004	-2.395254e-004
1.230000000000001e+000	1.064447e-005	-3.000037e-005	-1.064409e-005	-6.464693e-005	-1.292286e-004	-2.462586e-004
1.240000000000001e+000	1.111450e-005	-3.105426e-005	-1.111410e-005	-6.670657e-005	-1.330567e-004	-2.530553e-004
1.250000000000001e+000	1.159487e-005	-3.212416e-005	-1.159445e-005	-6.879352e-005	-1.369281e-004	-2.599143e-004
1.260000000000001e+000	1.208553e-005	-3.320998e-005	-1.208510e-005	-7.090757e-005	-1.408424e-004	-2.668344e-004
1.270000000000001e+000	1.258644e-005	-3.431164e-005	-1.258600e-005	-7.304848e-005	-1.447988e-004	-2.738145e-004
1.280000000000001e+000	1.309754e-005	-3.542905e-005	-1.309708e-005	-7.521602e-005	-1.487968e-004	-2.808534e-004
1.290000000000001e+000	1.361879e-005	-3.656213e-005	-1.361831e-005	-7.740995e-005	-1.528357e-004	-2.879500e-004
1.300000000000001e+000	1.415012e-005	-3.771079e-005	-1.414963e-005	-7.963005e-005	-1.569152e-004	-2.951033e-004
1.310000000000001e+000	1.469150e-005	-3.887495e-005	-1.469099e-005	-8.187608e-005	-1.610344e-004	-3.023120e-004
1.320000000000001e+000	1.524285e-005	-4.005453e-005	-1.524233e-005	-8.414780e-005	-1.651929e-004	-3.095752e-004
1.330000000000001e+000	1.580414e-005	-4.124945e-005	-1.580361e-005	-8.644497e-005	-1.693901e-004	-3.168918e-004
1.340000000000001e+000	1.637531e-005	-4.245963e-005	-1.637476e-005	-8.876735e-005	-1.736254e-004	-3.242609e-004
1.350000000000001e+000	1.695631e-005	-4.368498e-005	-1.695574e-005	-9.111471e-005	-1.778984e-004	-3.316813e-004
1.360000000000001e+000	1.754708e-005	-4.492544e-005	-1.754650e-005	-9.348681e-005	-1.822084e-004	-3.391520e-004
1.370000000000001e+000	1.814758e-005	-4.618091e-005	-1.814699e-005	-9.588340e-005	-1.865549e-004	-3.466722e-004
1.380000000000001e+000	1.875776e-005	-4.745132e-005	-1.875715e-005	-9.830424e-005	-1.909373e-004	-3.542409e-004
1.390000000000001e+000	1.937755e-005	-4.873658e-005	-1.937693e-005	-1.007491e-004	-1.953552e-004	-3.618571e-004
1.400000000000001e+000	2.000693e-005	-5.003663e-005	-2.000629e-005	-1.032177e-004	-1.998079e-004	-3.695199e-004
1.410000000000001e+000	2.064582e-005	-5.135136e-005	-2.064518e-005	-1.057099e-004	-2.042951e-004	-3.772284e-004
1.420000000000001e+000	2.129419e-005	-5.268070e-005	-2.129353e-005	-1.082254e-004	-2.088161e-004	-3.849817e-004
1.430000000000001e+000	2.195199e-005	-5.402457e-005	-2.195132e-005	-1.107639e-004	-2.133705e-004	-3.927790e-004
1.440000000000001e+000	2.261917e-005	-5.538288e-005	-2.261848e-005	-1.133252e-004	-2.179578e-004	-4.006194e-004
1.450000000000001e+000	2.329568e-005	-5.675555e-005	-2.329498e-005	-1.159091e-004	-2.225774e-004	-4.085021e-004
1.460000000000001e+000	2.398147e-005	-5.814250e-005	-2.398076e-005	-1.185153e-004	-2.272289e-004	-4.164261e-004
1.470000000000001e+000	2.467650e-005	-5.954363e-005	-2.467577e-005	-1.211436e-004	-2.319118e-004	-4.243908e-004
1.480000000000001e+000	2.538072e-005	-6.095887e-005	-2.537998e-005	-1.237938e-004	-2.366256e-004	-4.323953e-004
1.490000000000001e+000	2.609408e-005	-6.238811e-005	-2.609334e-005	-1.264655e-004	-2.413699e-004	-4.404389e-004
1.500000000000001e+000	2.681655e-005	-6.383128e-005	-2.681579e-005	-1.291587e-004	-2.461442e-004	-4.485208e-004
1.510000000000001e+000	2.754807e-005	-6.528830e-005	-2.754730e-005	-1.318731e-004	-2.509479e-004	-4.566402e-004
1.520000000000001e+000	2.828860e-005	-6.675905e-005	-2.828782e-005	-1.346083e-004	-2.557808e-004	-4.647964e-004
1.530000000000001e+000	2.903810e-005	-6.824347e-005	-2.903731e-005	-1.373642e-004	-2.606423e-004	-4.729887e-004
1.540000000000001e+000	2.979653e-005	-6.974144e-005	-2.979572e-005	-1.401406e-004	-2.655320e-004	-4.812164e-004
1.550000000000001e+000	3.056384e-005	-7.125290e-005	-3.056302e-005	-1.429372e-004	-2.704494e-004	-4.894787e-004
1.560000000000001e+000	3.133998e-005	-7.277773e-005	-3.133916e-005	-1.457538e-004	-2.753942e-004	-4.977750e-004
1.570000000000001e+000	3.212493e-005	-7.431586e-005	-3.212409e-005	-1.485902e-004	-2.803658e-004	-5.061046e-004
1.580000000000001e+000	3.291863e-005	-7.586717e-005	-3.291778e-005	-1.514461e-004	-2.853640e-004	-5.144668e-004
1.590000000000001e+000	3.372104e-005	-7.743160e-005	-3.372018e-005	-1.543213e-004	-2.903882e-004	-5.228611e-004
1.600000000000001e+000	3.453212e-005	-7.900903e-005	-3.453125e-005	-1.572156e-004	-2.954381e-004	-5.312867e-004
1.610000000000001e+000	3.535184e-005	-8.059938e-005	-3.535096e-005	-1.601289e-004	-3.005133e-004	-5.397430e-004
1.620000000000001e+000	3.618015e-005	-8.220254e-005	-3.617926e-005	-1.630607e-004	-3.056133e-004	-5.482295e-004
1.630000000000001e+000	3.701701e-005	-8.381843e-005	-3.701611e-005	-1.660110e-004	-3.107378e-004	-5.567455e-004
1.640000000000001e+000	3.786238e-005	-8.544695e-005	-3.786147e-005	-1.689795e-004	-3.158864e-004	-5.652903e-004
1.650000000000001e+000	3.871622e-005	-8.708800e-005	-3.871531e-005	-1.719661e-004	-3.210588e-004	-5.738636e-004
1.660000000000001e+000	3.957850e-005	-8.874148e-005	-3.957758e-005	-1.749704e-004	-3.262544e-004	-5.824646e-004
1.670000000000001e+000	4.044917e-005	-9.040731e-005	-4.044823e-005	-1.779923e-004	-3.314730e-004	-5.910927e-004
1.680000000000001e+000	4.132819e-005	-9.208538e-005	-4.132725e-005	-1.810317e-004	-3.367143e-004	-5.997476e-004
1.690000000000001e+000	4.221552e-005	-9.377560e-005	-4.221457e-005	-1.840881e-004	-3.419778e-004	-6.084285e-004
1.700000000000001e+000	4.311113e-005	-9.547787e-005	-4.311017e-005	-1.871616e-004	-3.472632e-004	-6.171350e-004
1.710000000000001e+000	4.401498e-005	-9.719210e-005	-4.401401e-005	-1.902518e-004	-3.525701e-004	-6.258666e-004
1.720000000000001e+000	4.492702e-005	-9.891819e-005	-4.492605e-005	-1.933585e-004	-3.578983e-004	-6.346227e-004
1.730000000000001e+000	4.584723e-005	-1.006560e-004	-4.584625e-005	-1.964816e-004	-3.632473e-004	-6.434028e-004
1.740000000000001e+000	4.677555e-005	-1.024056e-004	-4.677457e-005	-1.996209e-004	-3.686168e-004	-6.522065e-004
1.750000000000001e+000	4.771196e-005	-1.041666e-004	-4.771096e-005	-2.027762e-004	-3.740065e-004	-6.610331e-004
1.760000000000001e+000	4.865641e-005	-1.059392e-004	-4.865541e-005	-2.059472e-004	-3.794161e-004	-6.698824e-004
1.770000000000001e+000	4.960887e-005	-1.077232e-004	-4.960786e-005	-2.091337e-004	-3.848452e-004	-6.787538e-004
1.780000000000001e+000	5.056930e-005	-1.095184e-004	-5.056828e-005	-2.123357e-004	-3.902936e-004	-6.876467e-004
1.790000000000001e+000	5.153765e-005	-1.113248e-004	-5.153663e-005	-2.155529e-004	-3.957609e-004	-6.965608e-004
1.800000000000001e+000	5.251390e-005	-1.131423e-004	-5.251287e-005	-2.187850e-004	-4.012468e-004	-7.054957e-004
1.810000000000001e+000	5.349800e-005	-1.149708e-004	-5.349697e-005	-2.220320e-004	-4.067510e-004	-7.144508e-004
1.820000000000001e+000	5.448992e-005	-1.168103e-004	-5.448889e-005	-2.252937e-004	-4.122732e-004	-7.234258e-004
1.830000000000001e+000	5.548962e-005	-1.186605e-004	-5.548857e-005	-2.285698e-004	-4.178130e-004	-7.324201e-004
1.840000000000001e+000	5.649705e-005	-1.205214e-004	-5.649601e-005	-2.318601e-004	-4.233704e-004	-7.414335e-004
1.850000000000001e+000	5.751219e-005	-1.223930e-004	-5.751114e-005	-2.351646e-004	-4.289448e-004	-7.504654e-004
1.860000000000001e+000	5.853499e-005	-1.242751e-004	-5.853394e-005	-2.384830e-004	-4.345361e-004	-7.595156e-004
1.870000000000001e+000	5.956542e-005	-1.261676e-004	-5.956436e-005	-2.418151e-004	-4.401440e-004	-7.685835e-004
1.880000000000001e+000	6.060343e-005	-1.280705e-004	-6.060237e-005	-2.451608e-004	-4.457681e-004	-7.776688e-004
1.890000000000002e+000	6.164900e-005	-1.299837e-004	-6.164793e-005	-2.485199e-004	-4.514082e-004	-7.867711e-004
1.900000000000002e+000	6.270208e-005	-1.319070e-004	-6.270101e-005	-2.518922e-004	-4.570641e-004	-7.958901e-004
1.910000000000002e+000	6.376263e-005	-1.338404e-004	-6.376156e-005	-2.552776e-004	-4.627355e-004	-8.050253e-004
1.920000000000002e+000	6.483062e-005	-1.357837e-004	-6.482954e-005	-2.586758e-004	-4.684220e-004	-8.141764e-004
1.930000000000002e+000	6.590601e-005	-1.377370e-004	-6.590493e-005	-2.620868e-004	-4.741235e-004	-8.233430e-004
1.940000000000002e+000	6.698876e-005	-1.397000e-004	-6.698768e-005	-2.655104e-004	-4.798398e-004	-8.325248e-004
1.950000000000002e+000	6.807884e-005	-1.416728e-004	-6.807774e-005	-2.689464e-004	-4.855704e-004	-8.417214e-004
1.960000000000002e+000	6.917619e-005	-1.436552e-004	-6.917510e-005	-2.723946e-004	-4.913153e-004	-8.509325e-004
1.970000000000002e+000	7.028080e-005	-1.456471e-004	-7.027970e-005	-2.758549e-004	-4.970742e-004	-8.601577e-004
1.980000000000002e+000	7.139261e-005	-1.476485e-004	-7.139151e-005	-2.793271e-004	-5.028467e-004	-8.693968e-004
1.990000000000002e+000	7.251160e-005	-1.496592e-004	-7.251050e-005	-2.828111e-004	-5.086327e-004	-8.786493e-004
2.000000000000001e+000	7.363772e-005	-1.516792e-004	-7.363662e-005	-2.863067e-004	-5.144319e-004	-8.879150e-004
2.010000000000001e+000	7.477093e-005	-1.537084e-004	-7.476983e-005	-2.898138e-004	-5.202442e-004	-8.971936e-004
2.020000000000001e+000	7.591122e-005	-1.557468e-004	-7.591010e-005	-2.933322e-004	-5.260693e-004	-9.064847e-004
2.030000000000001e+000	7.705851e-005	-1.577941e-004	-7.705740e-005	-2.968618e-004	-5.319068e-004	-9.157880e-004
2.040000000000001e+000	7.821278e-005	-1.598504e-004	-7.821168e-005	-3.004024e-004	-5.377568e-004	-9.251033e-004
2.050000000000000e+000	7.937401e-005	-1.619155e-004	-7.937290e-005	-3.039539e-004	-5.436187e-004	-9.344301e-004
2.060000000000000e+000	8.054214e-005	-1.639894e-004	-8.054102e-005	-3.075160e-004	-5.494927e-004	-9.437684e-004
2.070000000000000e+000	8.171714e-005	-1.660719e-004	-8.171603e-005	-3.110888e-004	-5.553783e-004	-9.531176e-004
2.080000000000000e+000	8.289897e-005	-1.681631e-004	-8.289786e-005	-3.146720e-004	-5.612753e-004	-9.624777e-004
2.089999999999999e+000	8.408759e-005	-1.702628e-004	-8.408648e-005	-3.182656e-004	-5.671837e-004	-9.718483e-004
2.099999999999999e+000	8.528298e-005	-1.723709e-004	-8.528186e-005	-3.218693e-004	-5.731030e-004	-9.812290e-004
2.109999999999999e+000	8.648508e-005	-1.744874e-004	-8.648396e-005	-3.254830e-004	-5.790332e-004	-9.906198e-004
2.119999999999999e+000	8.769386e-005	-1.766122e-004	-8.769274e-005	-3.291066e-004	-5.849741e-004	-1.000020e-003
2.129999999999999e+000	8.890929e-005	-1.787451e-004	-8.890817e-005	-3.327400e-004	-5.909254e-004	-1.009430e-003
2.139999999999998e+000	9.013133e-005	-1.808862e-004	-9.013020e-005	-3.363830e-004	-5.968869e-004	-1.018849e-003
2.149999999999998e+000	9.135993e-005	-1.830353e-004	-9.135881e-005	-3.400355e-004	-6.028585e-004	-1.028277e-003
2.159999999999998e+000	9.259506e-005	-1.851924e-004	-9.259394e-005	-3.436974e-004	-6.088400e-004	-1.037714e-003
2.169999999999998e+000	9.383669e-005	-1.873574e-004	-9.383557e-005	-3.473685e-004	-6.148312e-004	-1.047159e-003
2.179999999999998e+000	9.508478e-005	-1.895302e-004	-9.508365e-005	-3.510487e-004	-6.208319e-004	-1.056612e-003
2.189999999999997e+000	9.633928e-005	-1.917107e-004	-9.633815e-005	-3.547379e-004	-6.268418e-004	-1.066073e-003
2.199999999999997e+000	9.760017e-005	-1.938989e-004	-9.759904e-005	-3.584359e-004	-6.328609e-004	-1.075542e-003
2.209999999999997e+000	9.886740e-005	-1.960947e-004	-9.886627e-005	-3.621427e-004	-6.388890e-004	-1.085018e-003
2.219999999999997e+000	1.001409e-004	-1.982979e-004	-1.001398e-004	-3.658581e-004	-6.449257e-004	-1.094502e-003
2.229999999999996e+000	1.014208e-004	-2.005086e-004	-1.014196e-004	-3.695820e-004	-6.509712e-004	-1.103993e-003
2.239999999999996e+000	1.027068e-004	-2.027267e-004	-1.027057e-004	-3.733142e-004	-6.570251e-004	-1.113490e-003
2.249999999999996e+000	1.039990e-004	-2.049520e-004	-1.039979e-004	-3.770547e-004	-6.630872e-004	-1.122994e-003
2.259999999999996e+000	1.052974e-004	-2.071846e-004	-1.052963e-004	-3.808034e-004	-6.691574e-004	-1.132505e-003
2.269999999999996e+000	1.066020e-004	-2.094243e-004	-1.066008e-004	-3.845600e-004	-6.752355e-004	-1.142022e-003
2.279999999999995e+000	1.079126e-004	-2.116710e-004	-1.079115e-004	-3.883246e-004	-6.813214e-004	-1.151544e-003
2.289999999999995e+000	1.092293e-004	-2.139248e-004	-1.092281e-004	-3.920969e-004	-6.874149e-004	-1.161073e-003
2.299999999999995e+000	1.105519e-004	-2.161854e-004	-1.105508e-004	-3.958769e-004	-6.935159e-004	-1.170607e-003
2.309999999999995e+000	1.118806e-004	-2.184530e-004	-1.118795e-004	-3.996645e-004	-6.996241e-004	-1.180146e-003
2.319999999999995e+000	1.132152e-004	-2.207273e-004	-1.132141e-004	-4.034595e-004	-7.057395e-004	-1.189690e-003
2.329999999999994e+000	1.145557e-004	-2.230084e-004	-1.145546e-004	-4.072619e-004	-7.118618e-004	-1.199240e-003
2.339999999999994e+000	1.159021e-004	-2.252961e-004	-1.159009e-004	-4.110715e-004	-7.179910e-004	-1.208794e-003
2.349999999999994e+000	1.172543e-004	-2.275904e-004	-1.172531e-004	-4.148882e-004	-7.241268e-004	-1.218353e-003
2.359999999999994e+000	1.186123e-004	-2.298912e-004	-1.186111e-004	-4.187120e-004	-7.302692e-004	-1.227917e-003
2.369999999999993e+000	1.199760e-004	-2.321984e-004	-1.199749e-004	-4.225427e-004	-7.364180e-004	-1.237484e-003
2.379999999999993e+000	1.213455e-004	-2.345120e-004	-1.213444e-004	-4.263801e-004	-7.425730e-004	-1.247056e-003
2.389999999999993e+000	1.227207e-004	-2.368320e-004	-1.227196e-004	-4.302243e-004	-7.487341e-004	-1.256632e-003
2.399999999999993e+000	1.241015e-004	-2.391582e-004	-1.241004e-004	-4.340751e-004	-7.549011e-004	-1.266211e-003
2.409999999999993e+000	1.254879e-004	-2.414905e-004	-1.254868e-004	-4.379324e-004	-7.610741e-004	-1.275794e-003
2.419999999999992e+000	1.268800e-004	-2.438290e-004	-1.268789e-004	-4.417962e-004	-7.672526e-004	-1.285380e-003
2.429999999999992e+000	1.282775e-004	-2.461736e-004	-1.282764e-004	-4.456662e-004	-7.734367e-004	-1.294970e-003
2.439999999999992e+000	1.296806e-004	-2.485241e-004	-1.296795e-004	-4.495424e-004	-7.796263e-004	-1.304562e-003
2.449999999999992e+000	1.310892e-004	-2.508806e-004	-1.310881e-004	-4.534248e-004	-7.858211e-004	-1.314158e-003
2.459999999999992e+000	1.325032e-004	-2.532429e-004	-1.325021e-004	-4.573131e-004	-7.920211e-004	-1.323756e-003
2.469999999999991e+000	1.339226e-004	-2.556111e-004	-1.339215e-004	-4.612074e-004	-7.982261e-004	-1.333357e-003
2.479999999999991e+000	1.353474e-004	-2.579849e-004	-1.353463e-004	-4.651075e-004	-8.044360e-004	-1.342960e-003
2.489999999999991e+000	1.367775e-004	-2.603645e-004	-1.367764e-004	-4.690134e-004	-8.106506e-004	-1.352566e-003
2.499999999999991e+000	1.382129e-004	-2.627496e-004	-1.382118e-004	-4.729249e-004	-8.168700e-004	-1.362173e-003
2.509999999999991e+000	1.396536e-004	-2.651404e-004	-1.396525e-004	-4.768419e-004	-8.230939e-004	-1.371783e-003
2.519999999999990e+000	1.410995e-004	-2.675366e-004	-1.410984e-004	-4.807645e-004	-8.293221e-004	-1.381395e-003
2.529999999999990e+000	1.425506e-004	-2.699383e-004	-1.425495e-004	-4.846923e-004	-8.355546e-004	-1.391008e-003
2.539999999999990e+000	1.440069e-004	-2.723453e-004	-1.440058e-004	-4.886255e-004	-8.417913e-004	-1.400623e-003
2.549999999999990e+000	1.454683e-004	-2.747577e-004	-1.454672e-004	-4.925639e-004	-8.480321e-004	-1.410239e-003
2.559999999999989e+000	1.469348e-004	-2.771753e-004	-1.469337e-004	-4.965073e-004	-8.542768e-004	-1.419857e-003
2.569999999999989e+000	1.484063e-004	-2.795982e-004	-1.484052e-004	-5.004558e-004	-8.605254e-004	-1.429476e-003
2.579999999999989e+000	1.498829e-004	-2.820262e-004	-1.498818e-004	-5.044093e-004	-8.667776e-004	-1.439095e-003
2.589999999999989e+000	1.513645e-004	-2.844592e-004	-1.513634e-004	-5.083675e-004	-8.730334e-004	-1.448716e-003
2.599999999999989e+000	1.528511e-004	-2.868973e-004	-1.528500e-004	-5.123306e-004	-8.792928e-004	-1.458338e-003
2.609999999999988e+000	1.543425e-004	-2.893404e-004	-1.543414e-004	-5.162984e-004	-8.855555e-004	-1.467960e-003
2.619999999999988e+000	1.558389e-004	-2.917884e-004	-1.558378e-004	-5.202707e-004	-8.918215e-004	-1.477583e-003
2.629999999999988e+000	1.573401e-004	-2.942413e-004	-1.573390e-004	-5.242476e-004	-8.980907e-004	-1.487206e-003
2.639999999999988e+000	1.588462e-004	-2.966990e-004	-1.588451e-004	-5.282289e-004	-9.043629e-004	-1.496829e-003
2.649999999999988e+000	1.603570e-004	-2.991614e-004	-1.603559e-004	-5.322146e-004	-9.106381e-004	-1.506453e-003
2.659999999999987e+000	1.618726e-004	-3.016285e-004	-1.618715e-004	-5.362046e-004	-9.169162e-004	-1.516077e-003
2.669999999999987e+000	1.633930e-004	-3.041003e-004	-1.633919e-004	-5.401988e-004	-9.231970e-004	-1.525700e-003
2.679999999999987e+000	1.649180e-004	-3.065767e-004	-1.649169e-004	-5.441972e-004	-9.294805e-004	-1.535324e-003
2.689999999999987e+000	1.664477e-004	-3.090577e-004	-1.664466e-004	-5.481995e-004	-9.357665e-004	-1.544947e-003
2.699999999999986e+000	1.679820e-004	-3.115431e-004	-1.679810e-004	-5.522059e-004	-9.420550e-004	-1.554570e-003
2.709999999999986e+000	1.695210e-004	-3.140329e-004	-1.695199e-004	-5.562162e-004	-9.483459e-004	-1.564192e-003
2.719999999999986e+000	1.710644e-004	-3.165272e-004	-1.710634e-004	-5.602302e-004	-9.546391e-004	-1.573814e-003
2.729999999999986e+000	1.726125e-004	-3.190258e-004	-1.726114e-004	-5.642481e-004	-9.609344e-004	-1.583435e-003
2.739999999999986e+000	1.741650e-004	-3.215286e-004	-1.741639e-004	-5.682696e-004	-9.672319e-004	-1.593055e-003
2.749999999999985e+000	1.757220e-004	-3.240357e-004	-1.757209e-004	-5.722948e-004	-9.735313e-004	-1.602674e-003
2.759999999999985e+000	1.772835e-004	-3.265470e-004	-1.772824e-004	-5.763235e-004	-9.798326e-004	-1.612292e-003
2.769999999999985e+000	1.788493e-004	-3.290624e-004	-1.788482e-004	-5.803557e-004	-9.861358e-004	-1.621909e-003
2.779999999999985e+000	1.804195e-004	-3.315819e-004	-1.804185e-004	-5.843912e-004	-9.924407e-004	-1.631525e-003
2.789999999999985e+000	1.819941e-004	-3.341055e-004	-1.819930e-004	-5.884301e-004	-9.987473e-004	-1.641140e-003
2.799999999999984e+000	1.835730e-004	-3.366329e-004	-1.835719e-004	-5.924723e-004	-1.005055e-003	-1.650753e-003
2.809999999999984e+000	1.851561e-004	-3.391644e-004	-1.851551e-004	-5.965177e-004	-1.011365e-003	-1.660365e-003
2.819999999999984e+000	1.867435e-004	-3.416997e-004	-1.867425e-004	-6.005662e-004	-1.017676e-003	-1.669975e-003
2.829999999999984e+000	1.883352e-004	-3.442389e-004	-1.883341e-004	-6.046177e-004	-1.023988e-003	-1.679583e-003
2.839999999999983e+000	1.899310e-004	-3.467819e-004	-1.899300e-004	-6.086723e-004	-1.030302e-003	-1.689190e-003
2.849999999999983e+000	1.915310e-004	-3.493286e-004	-1.915299e-004	-6.127298e-004	-1.036616e-003	-1.698795e-003
2.859999999999983e+000	1.931351e-004	-3.518790e-004	-1.931341e-004	-6.167901e-004	-1.042932e-003	-1.708397e-003
2.869999999999983e+000	1.947433e-004	-3.544331e-004	-1.947423e-004	-6.208533e-004	-1.049249e-003	-1.717998e-003
2.879999999999983e+000	1.963556e-004	-3.569908e-004	-1.963546e-004	-6.249191e-004	-1.055566e-003	-1.727597e-003
2.889999999999982e+000	1.979719e-004	-3.595520e-004	-1.979709e-004	-6.289877e-004	-1.061885e-003	-1.737193e-003
2.899999999999982e+000	1.995923e-004	-3.621168e-004	-1.995912e-004	-6.330588e-004	-1.068204e-003	-1.746787e-003
2.909999999999982e+000	2.012166e-004	-3.646850e-004	-2.012155e-004	-6.371326e-004	-1.074524e-003	-1.756379e-003
2.919999999999982e+000	2.028448e-004	-3.672567e-004	-2.028438e-004	-6.412088e-004	-1.080844e-003	-1.765969e-003
2.929999999999982e+000	2.044770e-004	-3.698317e-004	-2.044759e-004	-6.452875e-004	-1.087165e-003	-1.775556e-003
2.939999999999981e+000	2.061131e-004	-3.724101e-004	-2.061120e-004	-6.493684e-004	-1.093487e-003	-1.785140e-003
2.949999999999981e+000	2.077530e-004	-3.749918e-004	-2.077519e-004	-6.534518e-004	-1.099808e-003	-1.794721e-003
2.959999999999981e+000	2.093967e-004	-3.775767e-004	-2.093957e-004	-6.575373e-004	-1.106131e-003	-1.804300e-003
2.969999999999981e+000	2.110443e-004	-3.801648e-004	-2.110433e-004	-6.616251e-004	-1.112453e-003	-1.813876e-003
2.979999999999980e+000	2.126956e-004	-3.827561e-004	-2.126946e-004	-6.657150e-004	-1.118776e-003	-1.823449e-003
2.989999999999980e+000	2.143507e-004	-3.853505e-004	-2.143497e-004	-6.698070e-004	-1.125098e-003	-1.833019e-003
2.999999999999980e+000	2.160095e-004	-3.879480e-004	-2.160084e-004	-6.739009e-004	-1.131421e-003	-1.842586e-003
3.009999999999980e+000	2.176720e-004	-3.905486e-004	-2.176709e-004	-6.779969e-004	-1.137744e-003	-1.852150e-003
3.019999999999980e+000	2.193381e-004	-3.931521e-004	-2.193371e-004	-6.820948e-004	-1.144066e-003	-1.861711e-003
3.029999999999979e+000	2.210079e-004	-3.957586e-004	-2.210068e-004	-6.861945e-004	-1.150389e-003	-1.871269e-003
3.039999999999979e+000	2.226812e-004	-3.983680e-004	-2.226802e-004	-6.902960e-004	-1.156711e-003	-1.880823e-003
3.049999999999979e+000	2.243582e-004	-4.009802e-004	-2.243571e-004	-6.943993e-004	-1.163033e-003	-1.890374e-003
3.059999999999979e+000	2.260386e-004	-4.035954e-004	-2.260376e-004	-6.985042e-004	-1.169354e-003	-1.899921e-003
3.069999999999979e+000	2.277226e-004	-4.062133e-004	-2.277216e-004	-7.026108e-004	-1.175675e-003	-1.909465e-003
3.079999999999978e+000	2.294101e-004	-4.088339e-004	-2.294091e-004	-7.067190e-004	-1.181996e-003	-1.919006e-003
3.089999999999978e+000	2.311011e-004	-4.114573e-004	-2.311001e-004	-7.108287e-004	-1.188316e-003	-1.928542e-003
3.099999999999978e+000	2.327955e-004	-4.140833e-004	-2.327944e-004	-7.149399e-004	-1.194636e-003	-1.938075e-003
3.109999999999978e+000	2.344933e-004	-4.167120e-004	-2.344922e-004	-7.190525e-004	-1.200954e-003	-1.947604e-003
3.119999999999978e+000	2.361944e-004	-4.193432e-004	-2.361934e-004	-7.231665e-004	-1.207272e-003	-1.957130e-003
3.129999999999977e+000	2.378989e-004	-4.219771e-004	-2.378979e-004	-7.272818e-004	-1.213590e-003	-1.966651e-003
3.139999999999977e+000	2.396068e-004	-4.246134e-004	-2.396058e-004	-7.313985e-004	-1.219906e-003	-1.976169e-003
3.149999999999977e+000	2.413179e-004	-4.272523e-004	-2.413169e-004	-7.355163e-004	-1.226222e-003	-1.985682e-003
3.159999999999977e+000	2.430324e-004	-4.298935e-004	-2.430314e-004	-7.396353e-004	-1.232537e-003	-1.995192e-003
3.169999999999976e+000	2.447500e-004	-4.325372e-004	-2.447490e-004	-7.437554e-004	-1.238850e-003	-2.004697e-003
3.179999999999976e+000	2.464709e-004	-4.351833e-004	-2.464699e-004	-7.478767e-004	-1.245163e-003	-2.014199e-003
3.189999999999976e+000	2.481950e-004	-4.378317e-004	-2.481940e-004	-7.519990e-004	-1.251474e-003	-2.023696e-003
3.199999999999976e+000	2.499222e-004	-4.404823e-004	-2.499212e-004	-7.561222e-004	-1.257784e-003	-2.033189e-003
3.209999999999976e+000	2.516526e-004	-4.431353e-004	-2.516516e-004	-7.602464e-004	-1.264093e-003	-2.042677e-003
3.219999999999975e+000	2.533861e-004	-4.457904e-004	-2.533851e-004	-7.643715e-004	-1.270401e-003	-2.052161e-003
3.229999999999975e+000	2.551227e-004	-4.484478e-004	-2.551217e-004	-7.684975e-004	-1.276708e-003	-2.061641e-003
3.239999999999975e+000	2.568623e-004	-4.511073e-004	-2.568613e-004	-7.726242e-004	-1.283013e-003	-2.071116e-003
3.249999999999975e+000	2.586050e-004	-4.537689e-004	-2.586040e-004	-7.767518e-004	-1.289316e-003	-2.080587e-003
3.259999999999975e+000	2.603507e-004	-4.564326e-004	-2.603497e-004	-7.808800e-004	-1.295619e-003	-2.090053e-003
3.269999999999974e+000	2.620994e-004	-4.590984e-004	-2.620984e-004	-7.850089e-004	-1.301919e-003	-2.099515e-003
3.279999999999974e+000	2.638510e-004	-4.617661e-004	-2.638500e-004	-7.891384e-004	-1.308218e-003	-2.108972e-003
3.289999999999974e+000	2.656056e-004	-4.644359e-004	-2.656046e-004	-7.932686e-004	-1.314516e-003	-2.118424e-003
3.299999999999974e+000	2.673631e-004	-4.671076e-004	-2.673621e-004	-7.973992e-004	-1.320812e-003	-2.127871e-003
3.309999999999973e+000	2.691234e-004	-4.697812e-004	-2.691224e-004	-8.015304e-004	-1.327106e-003	-2.137314e-003
3.319999999999973e+000	2.708866e-004	-4.724567e-004	-2.708856e-004	-8.056620e-004	-1.333398e-003	-2.146752e-003
3.329999999999973e+000	2.726527e-004	-4.751340e-004	-2.726517e-004	-8.097941e-004	-1.339688e-003	-2.156185e-003
3.339999999999973e+000	2.744215e-004	-4.778131e-004	-2.744206e-004	-8.139265e-004	-1.345977e-003	-2.165613e-003
3.349999999999973e+000	2.761932e-004	-4.804940e-004	-2.761922e-004	-8.180592e-004	-1.352264e-003	-2.175035e-003
3.359999999999972e+000	2.779676e-004	-4.831767e-004	-2.779666e-004	-8.221922e-004	-1.358548e-003	-2.184453e-003
3.369999999999972e+000	2.797447e-004	-4.858610e-004	-2.797437e-004	-8.263255e-004	-1.364831e-003	-2.193866e-003
3.379999999999972e+000	2.815246e-004	-4.885471e-004	-2.815236e-004	-8.304590e-004	-1.371112e-003	-2.203274e-003
3.389999999999972e+000	2.833071e-004	-4.912348e-004	-2.833062e-004	-8.345927e-004	-1.377390e-003	-2.212677e-003
3.399999999999972e+000	2.850923e-004	-4.939241e-004	-2.850914e-004	-8.387265e-004	-1.383667e-003	-2.222074e-003
3.409999999999971e+000	2.868802e-004	-4.966150e-004	-2.868792e-004	-8.428604e-004	-1.389941e-003	-2.231467e-003
3.419999999999971e+000	2.886706e-004	-4.993075e-004	-2.886697e-004	-8.469943e-004	-1.396213e-003	-2.240854e-003
3.429999999999971e+000	2.904637e-004	-5.020014e-004	-2.904627e-004	-8.511283e-004	-1.402483e-003	-2.250236e-003
3.439999999999971e+000	2.922593e-004	-5.046969e-004	-2.922584e-004	-8.552622e-004	-1.408751e-003	-2.259612e-003
3.449999999999970e+000	2.940575e-004	-5.073939e-004	-2.940565e-004	-8.593961e-004	-1.415016e-003	-2.268983e-003
3.459999999999970e+000	2.958582e-004	-5.100922e-004	-2.958572e-004	-8.635299e-004	-1.421279e-003	-2.278349e-003
3.469999999999970e+000	2.976614e-004	-5.127920e-004	-2.976604e-004	-8.676635e-004	-1.427539e-003	-2.287709e-003
3.479999999999970e+000	2.994670e-004	-5.154931e-004	-2.994661e-004	-8.717970e-004	-1.433797e-003	-2.297064e-003
3.489999999999970e+000	3.012751e-004	-5.181956e-004	-3.012742e-004	-8.759303e-004	-1.440053e-003	-2.306413e-003
3.499999999999969e+000	3.030857e-004	-5.208994e-004	-3.030847e-004	-8.800633e-004	-1.446306e-003	-2.315757e-003
3.509999999999969e+000	3.048987e-004	-5.236045e-004	-3.048977e-004	-8.841961e-004	-1.452556e-003	-2.325095e-003
3.519999999999969e+000	3.067140e-004	-5.263108e-004	-3.067130e-004	-8.883285e-004	-1.458804e-003	-2.334427e-003
3.529999999999969e+000	3.085317e-004	-5.290183e-004	-3.085307e-004	-8.924606e-004	-1.465049e-003	-2.343754e-003
3.539999999999969e+000	3.103517e-004	-5.317270e-004	-3.103508e-004	-8.965924e-004	-1.471292e-003	-2.353075e-003
3.549999999999968e+000	3.121741e-004	-5.344370e-004	-3.121731e-004	-9.007237e-004	-1.477532e-003	-2.362391e-003
3.559999999999968e+000	3.139987e-004	-5.371480e-004	-3.139978e-004	-9.048546e-004	-1.483769e-003	-2.371701e-003
3.569999999999968e+000	3.158257e-004	-5.398602e-004	-3.158247e-004	-9.089849e-004	-1.490003e-003	-2.381005e-003
3.579999999999968e+000	3.176548e-004	-5.425734e-004	-3.176539e-004	-9.131148e-004	-1.496234e-003	-2.390303e-003
3.589999999999967e+000	3.194862e-004	-5.452877e-004	-3.194853e-004	-9.172441e-004	-1.502463e-003	-2.399596e-003
3.599999999999967e+000	3.213198e-004	-5.480030e-004	-3.213189e-004	-9.213728e-004	-1.508689e-003	-2.408882e-003
3.609999999999967e+000	3.231556e-004	-5.507193e-004	-3.231547e-004	-9.255009e-004	-1.514911e-003	-2.418163e-003
3.619999999999967e+000	3.249936e-004	-5.534366e-004	-3.249926e-004	-9.296284e-004	-1.521131e-003	-2.427438e-003
3.629999999999967e+000	3.268337e-004	-5.561549e-004	-3.268328e-004	-9.337551e-004	-1.527348e-003	-2.436707e-003
3.639999999999966e+000	3.286759e-004	-5.588740e-004	-3.286750e-004	-9.378812e-004	-1.533562e-003	-2.445970e-003
3.649999999999966e+000	3.305202e-004	-5.615940e-004	-3.305193e-004	-9.420065e-004	-1.539772e-003	-2.455227e-003
3.659999999999966e+000	3.323666e-004	-5.643149e-004	-3.323657e-004	-9.461311e-004	-1.545980e-003	-2.464477e-003
3.669999999999966e+000	3.342151e-004	-5.670367e-004	-3.342142e-004	-9.502548e-004	-1.552185e-003	-2.473722e-003
3.679999999999966e+000	3.360656e-004	-5.697593e-004	-3.360646e-004	-9.543778e-004	-1.558386e-003	-2.482961e-003
3.689999999999965e+000	3.379181e-004	-5.724826e-004	-3.379172e-004	-9.584998e-004	-1.564584e-003	-2.492194e-003
3.699999999999965e+000	3.397726e-004	-5.752068e-004	-3.397717e-004	-9.626210e-004	-1.570779e-003	-2.501421e-003
3.709999999999965e+000	3.416291e-004	-5.779316e-004	-3.416281e-004	-9.667411e-004	-1.576971e-003	-2.510641e-003
3.719999999999965e+000	3.434875e-004	-5.806572e-004	-3.434866e-004	-9.708604e-004	-1.583160e-003	-2.519856e-003
3.729999999999965e+000	3.453479e-004	-5.833834e-004	-3.453469e-004	-9.749787e-004	-1.589345e-003	-2.529063e-003
3.739999999999964e+000	3.472101e-004	-5.861103e-004	-3.472092e-004	-9.790959e-004	-1.595527e-003	-2.538265e-003
3.749999999999964e+000	3.490743e-004	-5.888379e-004	-3.490734e-004	-9.832123e-004	-1.601706e-003	-2.547461e-003
3.759999999999964e+000	3.509403e-004	-5.915660e-004	-3.509394e-004	-9.873274e-004	-1.607881e-003	-2.556651e-003
3.769999999999964e+000	3.528082e-004	-5.942948e-004	-3.528073e-004	-9.914414e-004	-1.614053e-003	-2.565834e-003
3.779999999999963e+000	3.546780e-004	-5.970241e-004	-3.546771e-004	-9.955544e-004	-1.620221e-003	-2.575011e-003
3.789999999999963e+000	3.565495e-004	-5.997539e-004	-3.565486e-004	-9.996662e-004	-1.626386e-003	-2.584181e-003
3.799999999999963e+000	3.584228e-004	-6.024843e-004	-3.584219e-004	-1.003777e-003	-1.632547e-003	-2.593345e-003
3.809999999999963e+000	3.602979e-004	-6.052151e-004	-3.602970e-004	-1.007886e-003	-1.638705e-003	-2.602503e-003
3.819999999999963e+000	3.621748e-004	-6.079465e-004	-3.621739e-004	-1.011994e-003	-1.644859e-003	-2.611655e-003
3.829999999999962e+000	3.640534e-004	-6.106782e-004	-3.640525e-004	-1.016101e-003	-1.651010e-003	-2.620800e-003
3.839999999999962e+000	3.659337e-004	-6.134104e-004	-3.659328e-004	-1.020207e-003	-1.657157e-003	-2.629939e-003
3.849999999999962e+000	3.678157e-004	-6.161430e-004	-3.678148e-004	-1.024311e-003	-1.663301e-003	-2.639071e-003
3.859999999999962e+000	3.696994e-004	-6.188760e-004	-3.696985e-004	-1.028414e-003	-1.669441e-003	-2.648197e-003
3.869999999999962e+000	3.715848e-004	-6.216093e-004	-3.715839e-004	-1.032516e-003	-1.675577e-003	-2.657316e-003
3.879999999999961e+000	3.734717e-004	-6.243429e-004	-3.734708e-004	-1.036616e-003	-1.681709e-003	-2.666429e-003
3.889999999999961e+000	3.753603e-004	-6.270768e-004	-3.753594e-004	-1.040715e-003	-1.687838e-003	-2.675535e-003
3.899999999999961e+000	3.772505e-004	-6.298111e-004	-3.772496e-004	-1.044812e-003	-1.693963e-003	-2.684635e-003
3.909999999999961e+000	3.791423e-004	-6.325456e-004	-3.791414e-004	-1.048908e-003	-1.700085e-003	-2.693728e-003
3.919999999999960e+000	3.810357e-004	-6.352803e-004	-3.810348e-004	-1.053002e-003	-1.706202e-003	-2.702815e-003
3.929999999999960e+000	3.829306e-004	-6.380153e-004	-3.829297e-004	-1.057095e-003	-1.712316e-003	-2.711895e-003
3.939999999999960e+000	3.848270e-004	-6.407504e-004	-3.848261e-004	-1.061186e-003	-1.718426e-003	-2.720968e-003
3.949999999999960e+000	3.867249e-004	-6.434857e-004	-3.867241e-004	-1.065276e-003	-1.724532e-003	-2.730035e-003
3.959999999999960e+000	3.886244e-004	-6.462212e-004	-3.886235e-004	-1.069364e-003	-1.730634e-003	-2.739095e-003
3.969999999999959e+000	3.905253e-004	-6.489568e-004	-3.905244e-004	-1.073451e-003	-1.736732e-003	-2.748149e-003
3.979999999999959e+000	3.924277e-004	-6.516926e-004	-3.924268e-004	-1.077536e-003	-1.742826e-003	-2.757196e-003
3.989999999999959e+000	3.943315e-004	-6.544284e-004	-3.943306e-004	-1.081619e-003	-1.748916e-003	-2.766236e-003
3.999999999999959e+000	3.962367e-004	-6.571643e-004	-3.962358e-004	-1.085701e-003	-1.755003e-003	-2.775270e-003
4.009999999999959e+000	3.981433e-004	-6.599002e-004	-3.981424e-004	-1.089780e-003	-1.761085e-003	-2.784296e-003
4.019999999999959e+000	4.000513e-004	-6.626362e-004	-4.000505e-004	-1.093859e-003	-1.767164e-003	-2.793316e-003
4.029999999999959e+000	4.019607e-004	-6.653721e-004	-4.019598e-004	-1.097935e-003	-1.773238e-003	-2.802330e-003
4.039999999999958e+000	4.038714e-004	-6.681081e-004	-4.038706e-004	-1.102010e-003	-1.779308e-003	-2.811337e-003
4.049999999999958e+000	4.057835e-004	-6.708440e-004	-4.057826e-004	-1.106082e-003	-1.785374e-003	-2.820336e-003
4.059999999999958e+000	4.076968e-004	-6.735799e-004	-4.076960e-004	-1.110153e-003	-1.791436e-003	-2.829330e-003
4.069999999999958e+000	4.096115e-004	-6.763157e-004	-4.096107e-004	-1.114223e-003	-1.797494e-003	-2.838316e-003
4.079999999999957e+000	4.115275e-004	-6.790514e-004	-4.115266e-004	-1.118290e-003	-1.803548e-003	-2.847296e-003
4.089999999999957e+000	4.134447e-004	-6.817871e-004	-4.134439e-004	-1.122355e-003	-1.809598e-003	-2.856268e-003
4.099999999999957e+000	4.153632e-004	-6.845226e-004	-4.153624e-004	-1.126419e-003	-1.815644e-003	-2.865234e-003
4.109999999999957e+000	4.172829e-004	-6.872579e-004	-4.172820e-004	-1.130481e-003	-1.821685e-003	-2.874193e-003
4.119999999999957e+000	4.192038e-004	-6.899931e-004	-4.192030e-004	-1.134540e-003	-1.827722e-003	-2.883146e-003
4.129999999999956e+000	4.211260e-004	-6.927281e-004	-4.211251e-004	-1.138598e-003	-1.833755e-003	-2.892091e-003
4.139999999999956e+000	4.230493e-004	-6.954629e-004	-4.230484e-004	-1.142654e-003	-1.839784e-003	-2.901030e-003
4.149999999999956e+000	4.249737e-004	-6.981974e-004	-4.249729e-004	-1.146707e-003	-1.845808e-003	-2.909961e-003
4.159999999999956e+000	4.268994e-004	-7.009317e-004	-4.268985e-004	-1.150759e-003	-1.851828e-003	-2.918886e-003
4.169999999999956e+000	4.288261e-004	-7.036658e-004	-4.288253e-004	-1.154809e-003	-1.857844e-003	-2.927804e-003
4.179999999999955e+000	4.307540e-004	-7.063996e-004	-4.307532e-004	-1.158856e-003	-1.863855e-003	-2.936715e-003
4.189999999999955e+000	4.326830e-004	-7.091330e-004	-4.326821e-004	-1.162902e-003	-1.869863e-003	-2.945619e-003
4.199999999999955e+000	4.346130e-004	-7.118662e-004	-4.346122e-004	-1.166945e-003	-1.875865e-003	-2.954516e-003
4.209999999999955e+000	4.365442e-004	-7.145991e-004	-4.365433e-004	-1.170987e-003	-1.881864e-003	-2.963406e-003
4.219999999999955e+000	4.384764e-004	-7.173316e-004	-4.384755e-004	-1.175026e-003	-1.887858e-003	-2.972289e-003
4.229999999999954e+000	4.404096e-004	-7.200637e-004	-4.404088e-004	-1.179063e-003	-1.893848e-003	-2.981166e-003
4.239999999999954e+000	4.423439e-004	-7.227954e-004	-4.423430e-004	-1.183098e-003	-1.899833e-003	-2.990035e-003
4.249999999999954e+000	4.442791e-004	-7.255268e-004	-4.442783e-004	-1.187130e-003	-1.905814e-003	-2.998897e-003
4.259999999999954e+000	4.462154e-004	-7.282578e-004	-4.462146e-004	-1.191161e-003	-1.911790e-003	-3.007753e-003
4.269999999999953e+000	4.481526e-004	-7.309882e-004	-4.481518e-004	-1.195189e-003	-1.917762e-003	-3.016601e-003
4.279999999999953e+000	4.500908e-004	-7.337183e-004	-4.500900e-004	-1.199215e-003	-1.923730e-003	-3.025442e-003
4.289999999999953e+000	4.520300e-004	-7.364479e-004	-4.520292e-004	-1.203239e-003	-1.929693e-003	-3.034276e-003
4.299999999999953e+000	4.539701e-004	-7.391769e-004	-4.539693e-004	-1.207260e-003	-1.935651e-003	-3.043104e-003
4.309999999999953e+000	4.559111e-004	-7.419055e-004	-4.559103e-004	-1.211279e-003	-1.941605e-003	-3.051924e-003
4.319999999999952e+000	4.578530e-004	-7.446336e-004	-4.578522e-004	-1.215296e-003	-1.947555e-003	-3.060737e-003
4.329999999999952e+000	4.597958e-004	-7.473612e-004	-4.597950e-004	-1.219311e-003	-1.953499e-003	-3.069544e-003
4.339999999999952e+000	4.617395e-004	-7.500881e-004	-4.617386e-004	-1.223323e-003	-1.959440e-003	-3.078343e-003
4.349999999999952e+000	4.636840e-004	-7.528146e-004	-4.636832e-004	-1.227333e-003	-1.965375e-003	-3.087135e-003
4.359999999999952e+000	4.656294e-004	-7.555404e-004	-4.656285e-004	-1.231340e-003	-1.971307e-003	-3.095920e-003
4.369999999999951e+000	4.675756e-004	-7.582657e-004	-4.675748e-004	-1.235345e-003	-1.977233e-003	-3.104698e-003
4.379999999999951e+000	4.695226e-004	-7.609903e-004	-4.695218e-004	-1.239348e-003	-1.983155e-003	-3.113469e-003
4.389999999999951e+000	4.714704e-004	-7.637143e-004	-4.714696e-004	-1.243348e-003	-1.989072e-003	-3.122233e-003
4.399999999999951e+000	4.734191e-004	-7.664377e-004	-4.734183e-004	-1.247346e-003	-1.994985e-003	-3.130989e-003
4.409999999999950e+000	4.753685e-004	-7.691603e-004	-4.753676e-004	-1.251341e-003	-2.000893e-003	-3.139739e-003
4.419999999999950e+000	4.773186e-004	-7.718824e-004	-4.773178e-004	-1.255334e-003	-2.006796e-003	-3.148482e-003
4.429999999999950e+000	4.792695e-004	-7.746037e-004	-4.792687e-004	-1.259324e-003	-2.012695e-003	-3.157217e-003
4.439999999999950e+000	4.812212e-004	-7.773244e-004	-4.812204e-004	-1.263312e-003	-2.018589e-003	-3.165946e-003
4.449999999999950e+000	4.831735e-004	-7.800443e-004	-4.831727e-004	-1.267297e-003	-2.024478e-003	-3.174667e-003
4.459999999999949e+000	4.851266e-004	-7.827635e-004	-4.851258e-004	-1.271280e-003	-2.030363e-003	-3.183381e-003
4.469999999999949e+000	4.870804e-004	-7.854819e-004	-4.870796e-004	-1.275260e-003	-2.036243e-003	-3.192088e-003
4.479999999999949e+000	4.890348e-004	-7.881996e-004	-4.890340e-004	-1.279237e-003	-2.042118e-003	-3.200788e-003
4.489999999999949e+000	4.909899e-004	-7.909165e-004	-4.909891e-004	-1.283212e-003	-2.047988e-003	-3.209481e-003
4.499999999999949e+000	4.929457e-004	-7.936326e-004	-4.929449e-004	-1.287185e-003	-2.053853e-003	-3.218166e-003
4.509999999999948e+000	4.949021e-004	-7.963479e-004	-4.949013e-004	-1.291155e-003	-2.059714e-003	-3.226845e-003
4.519999999999948e+000	4.968591e-004	-7.990624e-004	-4.968583e-004	-1.295122e-003	-2.065570e-003	-3.235516e-003
4.529999999999948e+000	4.988168e-004	-8.017761e-004	-4.988160e-004	-1.299086e-003	-2.071421e-003	-3.244180e-003
4.539999999999948e+000	5.007750e-004	-8.044889e-004	-5.007742e-004	-1.303048e-003	-2.077268e-003	-3.252837e-003
4.549999999999947e+000	5.027339e-004	-8.072008e-004	-5.027330e-004	-1.307008e-003	-2.083109e-003	-3.261487e-003
4.559999999999947e+000	5.046932e-004	-8.099119e-004	-5.046925e-004	-1.310964e-003	-2.088946e-003	-3.270130e-003
4.569999999999947e+000	5.066532e-004	-8.126221e-004	-5.066525e-004	-1.314918e-003	-2.094778e-003	-3.278765e-003
4.579999999999947e+000	5.086138e-004	-8.153315e-004	-5.086130e-004	-1.318869e-003	-2.100605e-003	-3.287394e-003
4.589999999999947e+000	5.105748e-004	-8.180398e-004	-5.105741e-004	-1.322818e-003	-2.106427e-003	-3.296015e-003
4.599999999999946e+000	5.125364e-004	-8.207473e-004	-5.125356e-004	-1.326764e-003	-2.112244e-003	-3.304629e-003
4.609999999999946e+000	5.144985e-004	-8.234538e-004	-5.144977e-004	-1.330707e-003	-2.118057e-003	-3.313236e-003
4.619999999999946e+000	5.164612e-004	-8.261594e-004	-5.164604e-004	-1.334647e-003	-2.123865e-003	-3.321836e-003
4.629999999999946e+000	5.184242e-004	-8.288640e-004	-5.184234e-004	-1.338584e-003	-2.129667e-003	-3.330428e-003
4.639999999999946e+000	5.203878e-004	-8.315676e-004	-5.203870e-004	-1.342519e-003	-2.135465e-003	-3.339013e-003
4.649999999999945e+000	5.223518e-004	-8.342703e-004	-5.223511e-004	-1.346451e-003	-2.141258e-003	-3.347591e-003
4.659999999999945e+000	5.243163e-004	-8.369719e-004	-5.243156e-004	-1.350380e-003	-2.147046e-003	-3.356162e-003
4.669999999999945e+000	5.262812e-004	-8.396725e-004	-5.262805e-004	-1.354306e-003	-2.152828e-003	-3.364726e-003
4.679999999999945e+000	5.282466e-004	-8.423721e-004	-5.282459e-004	-1.358230e-003	-2.158607e-003	-3.373283e-003
4.689999999999944e+000	5.302124e-004	-8.450707e-004	-5.302117e-004	-1.362150e-003	-2.164380e-003	-3.381832e-003
4.699999999999944e+000	5.321786e-004	-8.477682e-004	-5.321779e-004	-1.366068e-003	-2.170148e-003	-3.390374e-003
4.709999999999944e+000	5.341452e-004	-8.504647e-004	-5.341445e-004	-1.369983e-003	-2.175911e-003	-3.398909e-003
4.719999999999944e+000	5.361122e-004	-8.531600e-004	-5.361114e-004	-1.373895e-003	-2.181669e-003	-3.407437e-003
4.729999999999944e+000	5.380795e-004	-8.558544e-004	-5.380788e-004	-1.377804e-003	-2.187422e-003	-3.415958e-003
4.739999999999943e+000	5.400472e-004	-8.585475e-004	-5.400465e-004	-1.381710e-003	-2.193170e-003	-3.424471e-003
4.749999999999943e+000	5.420152e-004	-8.612396e-004	-5.420145e-004	-1.385614e-003	-2.198914e-003	-3.432977e-003
4.759999999999943e+000	5.439837e-004	-8.639306e-004	-5.439829e-004	-1.389514e-003	-2.204652e-003	-3.441476e-003
4.769999999999943e+000	5.459524e-004	-8.666204e-004	-5.459517e-004	-1.393411e-003	-2.210385e-003	-3.449968e-003
4.779999999999943e+000	5.479214e-004	-8.693091e-004	-5.479206e-004	-1.397306e-003	-2.216113e-003	-3.458452e-003
4.789999999999942e+000	5.498907e-004	-8.719966e-004	-5.498900e-004	-1.401198e-003	-2.221836e-003	-3.466930e-003
4.799999999999942e+000	5.518604e-004	-8.746830e-004	-5.518596e-004	-1.405086e-003	-2.227554e-003	-3.475400e-003
4.809999999999942e+000	5.538302e-004	-8.773682e-004	-5.538295e-004	-1.408972e-003	-2.233267e-003	-3.483863e-003
4.819999999999942e+000	5.558004e-004	-8.800522e-004	-5.557998e-004	-1.412854e-003	-2.238975e-003	-3.492318e-003
4.829999999999942e+000	5.577709e-004	-8.827351e-004	-5.577702e-004	-1.416734e-003	-2.244678e-003	-3.500767e-003
4.839999999999941e+000	5.597416e-004	-8.854166e-004	-5.597409e-004	-1.420611e-003	-2.250376e-003	-3.509208e-003
4.849999999999941e+000	5.617125e-004	-8.880970e-004	-5.617118e-004	-1.424484e-003	-2.256069e-003	-3.517642e-003
4.859999999999941e+000	5.636837e-004	-8.907762e-004	-5.636830e-004	-1.428355e-003	-2.261756e-003	-3.526069e-003
4.869999999999941e+000	5.656551e-004	-8.934541e-004	-5.656544e-004	-1.432223e-003	-2.267439e-003	-3.534489e-003
4.879999999999940e+000	5.676267e-004	-8.961308e-004	-5.676260e-004	-1.436087e-003	-2.273116e-003	-3.542901e-003
4.889999999999940e+000	5.695985e-004	-8.988062e-004	-5.695978e-004	-1.439949e-003	-2.278789e-003	-3.551306e-003
4.899999999999940e+000	5.715705e-004	-9.014803e-004	-5.715698e-004	-1.443807e-003	-2.284456e-003	-3.559704e-003
4.909999999999940e+000	5.735427e-004	-9.041532e-004	-5.735420e-004	-1.447663e-003	-2.290118e-003	-3.568095e-003
4.919999999999940e+000	5.755150e-004	-9.068248e-004	-5.755143e-004	-1.451515e-003	-2.295775e-003	-3.576479e-003
4.929999999999939e+000	5.774875e-004	-9.094951e-004	-5.774868e-004	-1.455364e-003	-2.301427e-003	-3.584855e-003
4.939999999999939e+000	5.794601e-004	-9.121640e-004	-5.794594e-004	-1.459210e-003	-2.307074e-003	-3.593224e-003
4.949999999999939e+000	5.814329e-004	-9.148316e-004	-5.814322e-004	-1.463053e-003	-2.312715e-003	-3.601586e-003
4.959999999999939e+000	5.834058e-004	-9.174980e-004	-5.834051e-004	-1.466893e-003	-2.318352e-003	-3.609941e-003
4.969999999999939e+000	5.853788e-004	-9.201629e-004	-5.853781e-004	-1.470730e-003	-2.323983e-003	-3.618289e-003
4.979999999999938e+000	5.873520e-004	-9.228265e-004	-5.873513e-004	-1.474564e-003	-2.329610e-003	-3.626629e-003
4.989999999999938e+000	5.893252e-004	-9.254888e-004	-5.893245e-004	-1.478394e-003	-2.335231e-003	-3.634962e-003
5.000000000000000e+000	5.912985e-004	-9.281497e-004	-5.912979e-004	-1.482222e-003	-2.340846e-003	-3.643288e-003
